4
#index x y z vx vy vz
1 0 0 0 0.0 0.0 0.0
2 2060000000000.0 0 0 0.0 0.0 0.0
3 3562864567816.39 13725100949406.48 0 0.0 0.0 0.0
4 2060003389201.2102 0.030004 0.0 5030.0018 0.0004 0.0
1 0 0 0 0.0 0.0 0.0
2 2060000000000.0 0 0 0.0 0.0 0.0
3 3562864567816.39 13725100949406.48 0 0.0 0.0 0.0
4 2064429143267.576 597196903.6442524 0.0 20582.001795782857 3456.000399419017 0.0
1 0 0 0 0.0 0.0 0.0
2 2060000000000.0 0 0 0.0 0.0 0.0
3 3562864567816.39 13725100949406.48 0 0.0 0.0 0.0
4 2074229668529.9622 2388787406.97355 0.0 36134.00178009194 6912.00039855149 0.0
1 0 0 0 0.0 0.0 0.0
2 2060000000000.0 0 0 0.0 0.0 0.0
3 3562864567816.39 13725100949406.48 0 0.0 0.0 0.0
4 2089404964986.9285 5374771510.541345 0.0 51686.001764401015 10368.000402631615 0.0
1 0 0 0 0.0 0.0 0.0
2 2060000000000.0 0 0 0.0 0.0 0.0
3 3562864567816.39 13725100949406.48 0 0.0 0.0 0.0
4 2109955032638.47 9555149216.3388 0.0 67238.0017487101 13824.000409622122 0.0
1 0 0 0 0.0 0.0 0.0
2 2060000000000.0 0 0 0.0 0.0 0.0
3 3562864567816.39 13725100949406.48 0 0.0 0.0 0.0
4 2135879871484.5884 14929920524.552153 0.0 82790.00173301918 17280.000416612627 0.0
1 0 0 0 0.0 0.0 0.0
2 2060000000000.0 0 0 0.0 0.0 0.0
3 3562864567816.39 13725100949406.48 0 0.0 0.0 0.0
4 2167179481525.287 21499085435.18145 0.0 98342.00171732825 20736.000423603135 0.0
1 0 0 0 0.0 0.0 0.0
2 2060000000000.0 0 0 0.0 0.0 0.0
3 3562864567816.39 13725100949406.48 0 0.0 0.0 0.0
4 2203853862760.5874 29262643948.226604 0.0 113894.00170163733 24192.00043059364 0.0
1 0 0 0 0.0 0.0 0.0
2 2060000000000.0 0 0 0.0 0.0 0.0
3 3562864567816.39 13725100949406.48 0 0.0 0.0 0.0
4 2245903015190.4395 38220596063.687744 0.0 129446.00168594641 27648.00043758415 0.0
1 0 0 0 0.0 0.0 0.0
2 2060000000000.0 0 0 0.0 0.0 0.0
3 3562864567816.39 13725100949406.48 0 0.0 0.0 0.0
4 2293326938814.864 48372941781.56476 0.0 144998.0016702555 31104.000444574656 0.0
1 0 0 0 0.0 0.0 0.0
2 2060000000000.0 0 0 0.0 0.0 0.0
3 3562864567816.39 13725100949406.48 0 0.0 0.0 0.0
4 2346125633633.868 59719681100.397255 0.0 160550.00165456458 34560.000435267015 0.0
1 0 0 0 0.0 0.0 0.0
2 2060000000000.0 0 0 0.0 0.0 0.0
3 3562864567816.39 13725100949406.48 0 0.0 0.0 0.0
4 2404299099647.4487 72260814012.04192 0.0 176102.00163887365 38016.000410825385 0.0
1 0 0 0 0.0 0.0 0.0
2 2060000000000.0 0 0 0.0 0.0 0.0
3 3562864567816.39 13725100949406.48 0 0.0 0.0 0.0
4 2467847336855.6035 85996340515.2401 0.0 191654.00162318273 41472.000386383756 0.0
1 0 0 0 0.0 0.0 0.0
2 2060000000000.0 0 0 0.0 0.0 0.0
3 3562864567816.39 13725100949406.48 0 0.0 0.0 0.0
4 2536770345258.3384 100926260609.99095 0.0 207206.0016074918 44928.000361942126 0.0
1 0 0 0 0.0 0.0 0.0
2 2060000000000.0 0 0 0.0 0.0 0.0
3 3562864567816.39 13725100949406.48 0 0.0 0.0 0.0
4 2611068124855.661 117050574296.29466 0.0 222758.0015918009 48384.000337500496 0.0
1 0 0 0 0.0 0.0 0.0
2 2060000000000.0 0 0 0.0 0.0 0.0
3 3562864567816.39 13725100949406.48 0 0.0 0.0 0.0
4 2690740675647.558 134369281574.1513 0.0 238310.00157610996 51840.00031305887 0.0
1 0 0 0 0.0 0.0 0.0
2 2060000000000.0 0 0 0.0 0.0 0.0
3 3562864567816.39 13725100949406.48 0 0.0 0.0 0.0
4 2775787997634.0312 152882382443.56055 0.0 253862.00156041904 55296.00028861724 0.0
1 0 0 0 0.0 0.0 0.0
2 2060000000000.0 0 0 0.0 0.0 0.0
3 3562864567816.39 13725100949406.48 0 0.0 0.0 0.0
4 2866210090824.5786 172589876904.52277 0.0 269414.0016622753 58752.00026417561 0.0
1 0 0 0 0.0 0.0 0.0
2 2060000000000.0 0 0 0.0 0.0 0.0
3 3562864567816.39 13725100949406.48 0 0.0 0.0 0.0
4 2962006955284.2783 193491764957.03775 0.0 284966.00189804146 62208.00023973398 0.0
1 0 0 0 0.0 0.0 0.0
2 2060000000000.0 0 0 0.0 0.0 0.0
3 3562864567816.39 13725100949406.48 0 0.0 0.0 0.0
4 3063178591025.4624 215588046601.1202 0.0 300518.00213380763 65664.00021762066 0.0
1 0 0 0 0.0 0.0 0.0
2 2060000000000.0 0 0 0.0 0.0 0.0
3 3562864567816.39 13725100949406.48 0 0.0 0.0 0.0
4 3169724998048.125 238878721848.40933 0.0 316070.0023695738 69120.0002560433 0.0
1 0 0 0 0.0 0.0 0.0
2 2060000000000.0 0 0 0.0 0.0 0.0
3 3562864567816.39 13725100949406.48 0 0.0 0.0 0.0
4 3281646176352.272 263363790708.97726 0.0 331622.00260534 72576.00029446595 0.0
1 0 0 0 0.0 0.0 0.0
2 2060000000000.0 0 0 0.0 0.0 0.0
3 3562864567816.39 13725100949406.48 0 0.0 0.0 0.0
4 3398942125937.8994 289043253182.8246 0.0 347174.00284110615 76032.0003328886 0.0
1 0 0 0 0.0 0.0 0.0
2 2060000000000.0 0 0 0.0 0.0 0.0
3 3562864567816.39 13725100949406.48 0 0.0 0.0 0.0
4 3521612846804.9995 315917109269.95 0.0 362726.0030768723 79488.00037131124 0.0
1 0 0 0 0.0 0.0 0.0
2 2060000000000.0 0 0 0.0 0.0 0.0
3 3562864567816.39 13725100949406.48 0 0.0 0.0 0.0
4 3649658338953.588 343985358970.355 0.0 378278.0033126385 82944.00040973388 0.0
1 0 0 0 0.0 0.0 0.0
2 2060000000000.0 0 0 0.0 0.0 0.0
3 3562864567816.39 13725100949406.48 0 0.0 0.0 0.0
4 3783078602383.6562 373248002284.0385 0.0 393830.00354840467 86400.00044815653 0.0
1 0 0 0 0.0 0.0 0.0
2 2060000000000.0 0 0 0.0 0.0 0.0
3 3562864567816.39 13725100949406.48 0 0.0 0.0 0.0
4 3921873637095.2075 403705039211.0006 0.0 409382.00378417084 89856.00048657917 0.0
1 0 0 0 0.0 0.0 0.0
2 2060000000000.0 0 0 0.0 0.0 0.0
3 3562864567816.39 13725100949406.48 0 0.0 0.0 0.0
4 4066043443088.2373 435356469751.24225 0.0 424934.004019937 93312.00052500181 0.0
1 0 0 0 0.0 0.0 0.0
2 2060000000000.0 0 0 0.0 0.0 0.0
3 3562864567816.39 13725100949406.48 0 0.0 0.0 0.0
4 4215588020362.7495 468202293904.7617 0.0 440486.0042557032 96768.00056342446 0.0
1 0 0 0 0.0 0.0 0.0
2 2060000000000.0 0 0 0.0 0.0 0.0
3 3562864567816.39 13725100949406.48 0 0.0 0.0 0.0
4 4370507368918.742 502242511671.5607 0.0 456038.00449146936 100224.0006018471 0.0
1 0 0 0 0.0 0.0 0.0
2 2060000000000.0 0 0 0.0 0.0 0.0
3 3562864567816.39 13725100949406.48 0 0.0 0.0 0.0
4 4530801488756.227 537477123051.63837 0.0 471590.00472723553 103680.00064026975 0.0
1 0 0 0 0.0 0.0 0.0
2 2060000000000.0 0 0 0.0 0.0 0.0
3 3562864567816.39 13725100949406.48 0 0.0 0.0 0.0
4 4696470379875.195 573906128044.9951 0.0 487142.0049630017 107136.00067869239 0.0
1 0 0 0 0.0 0.0 0.0
2 2060000000000.0 0 0 0.0 0.0 0.0
3 3562864567816.39 13725100949406.48 0 0.0 0.0 0.0
4 4867514042275.614 611529526651.6309 0.0 502694.0051987679 110592.00071711504 0.0
1 0 0 0 0.0 0.0 0.0
2 2060000000000.0 0 0 0.0 0.0 0.0
3 3562864567816.39 13725100949406.48 0 0.0 0.0 0.0
4 5043932475957.532 650347318871.5458 0.0 518246.00543453405 114048.00075553768 0.0
1 0 0 0 0.0 0.0 0.0
2 2060000000000.0 0 0 0.0 0.0 0.0
3 3562864567816.39 13725100949406.48 0 0.0 0.0 0.0
4 5225725680888.424 690359504704.7382 0.0 533798.0053627696 117504.00079396032 0.0
1 0 0 0 0.0 0.0 0.0
2 2060000000000.0 0 0 0.0 0.0 0.0
3 3562864567816.39 13725100949406.48 0 0.0 0.0 0.0
4 5412893656940.131 731566084151.2102 0.0 549350.0050956216 120960.00083238297 0.0
1 0 0 0 0.0 0.0 0.0
2 2060000000000.0 0 0 0.0 0.0 0.0
3 3562864567816.39 13725100949406.48 0 0.0 0.0 0.0
4 5605436404099.472 773967057210.9612 0.0 564902.0048284736 124416.00087080561 0.0
1 0 0 0 0.0 0.0 0.0
2 2060000000000.0 0 0 0.0 0.0 0.0
3 3562864567816.39 13725100949406.48 0 0.0 0.0 0.0
4 5803353922366.534 817562423883.9908 0.0 580454.0045613255 127872.00090922826 0.0
1 0 0 0 0.0 0.0 0.0
2 2060000000000.0 0 0 0.0 0.0 0.0
3 3562864567816.39 13725100949406.48 0 0.0 0.0 0.0
4 6006646211741.214 862352184170.1803 0.0 596006.0042941775 131328.00093833765 0.0
1 0 0 0 0.0 0.0 0.0
2 2060000000000.0 0 0 0.0 0.0 0.0
3 3562864567816.39 13725100949406.48 0 0.0 0.0 0.0
4 6215313272223.633 908336338044.8229 0.0 611558.0040270295 134784.00085103174 0.0
1 0 0 0 0.0 0.0 0.0
2 2060000000000.0 0 0 0.0 0.0 0.0
3 3562864567816.39 13725100949406.48 0 0.0 0.0 0.0
4 6429355103813.664 955514885489.2941 0.0 627110.0037598815 138240.00076372584 0.0
1 0 0 0 0.0 0.0 0.0
2 2060000000000.0 0 0 0.0 0.0 0.0
3 3562864567816.39 13725100949406.48 0 0.0 0.0 0.0
4 6648771706511.415 1003887826503.5898 0.0 642662.0034927335 141696.00067641994 0.0
1 0 0 0 0.0 0.0 0.0
2 2060000000000.0 0 0 0.0 0.0 0.0
3 3562864567816.39 13725100949406.48 0 0.0 0.0 0.0
4 6873563080316.802 1053455161087.7148 0.0 658214.0032255854 145152.00058911403 0.0
1 0 0 0 0.0 0.0 0.0
2 2060000000000.0 0 0 0.0 0.0 0.0
3 3562864567816.39 13725100949406.48 0 0.0 0.0 0.0
4 7103729225229.9 1104216889241.6646 0.0 673766.0029584374 148608.00050180813 0.0
1 0 0 0 0.0 0.0 0.0
2 2060000000000.0 0 0 0.0 0.0 0.0
3 3562864567816.39 13725100949406.48 0 0.0 0.0 0.0
4 7339270141250.646 1156173010965.4392 0.0 689318.0026912894 152064.00041450222 0.0
1 0 0 0 0.0 0.0 0.0
2 2060000000000.0 0 0 0.0 0.0 0.0
3 3562864567816.39 13725100949406.48 0 0.0 0.0 0.0
4 7580185828379.073 1209323526259.05 0.0 704870.0024241414 155520.00032719632 0.0
1 0 0 0 0.0 0.0 0.0
2 2060000000000.0 0 0 0.0 0.0 0.0
3 3562864567816.39 13725100949406.48 0 0.0 0.0 0.0
4 7826476286615.175 1263668435122.4841 0.0 720422.0021569934 158976.00023989042 0.0
1 0 0 0 0.0 0.0 0.0
2 2060000000000.0 0 0 0.0 0.0 0.0
3 3562864567816.39 13725100949406.48 0 0.0 0.0 0.0
4 8078141515958.949 1319207737555.7424 0.0 735974.0018898454 162432.00015258451 0.0
1 0 0 0 0.0 0.0 0.0
2 2060000000000.0 0 0 0.0 0.0 0.0
3 3562864567816.39 13725100949406.48 0 0.0 0.0 0.0
4 8335181516410.402 1375941433558.8257 0.0 751526.0016226973 165888.0000652786 0.0
1 0 0 0 0.0 0.0 0.0
2 2060000000000.0 0 0 0.0 0.0 0.0
3 3562864567816.39 13725100949406.48 0 0.0 0.0 0.0
4 8597596287969.517 1433869523131.7441 0.0 767078.0013555493 169343.9999779727 0.0
1 0 0 0 0.0 0.0 0.0
2 2060000000000.0 0 0 0.0 0.0 0.0
3 3562864567816.39 13725100949406.48 0 0.0 0.0 0.0
4 8865385830636.229 1492992006274.4858 0.0 782630.0010884013 172799.9998906668 0.0
1 0 0 0 0.0 0.0 0.0
2 2060000000000.0 0 0 0.0 0.0 0.0
3 3562864567816.39 13725100949406.48 0 0.0 0.0 0.0
4 9138550144410.74 1553308882987.0498 0.0 798182.0008212533 176255.9998033609 0.0
1 0 0 0 0.0 0.0 0.0
2 2060000000000.0 0 0 0.0 0.0 0.0
3 3562864567816.39 13725100949406.48 0 0.0 0.0 0.0
4 9417089229292.885 1614820153269.441 0.0 813734.0005541053 179711.999716055 0.0
1 0 0 0 0.0 0.0 0.0
2 2060000000000.0 0 0 0.0 0.0 0.0
3 3562864567816.39 13725100949406.48 0 0.0 0.0 0.0
4 9701003085282.662 1677525817121.6687 0.0 829286.0002869572 183167.9996287491 0.0
1 0 0 0 0.0 0.0 0.0
2 2060000000000.0 0 0 0.0 0.0 0.0
3 3562864567816.39 13725100949406.48 0 0.0 0.0 0.0
4 9990291712380.145 1741425874543.721 0.0 844838.0000198092 186623.9995414432 0.0
1 0 0 0 0.0 0.0 0.0
2 2060000000000.0 0 0 0.0 0.0 0.0
3 3562864567816.39 13725100949406.48 0 0.0 0.0 0.0
4 10284955110585.352 1806520325535.5974 0.0 860389.9997526612 190079.9994541373 0.0
1 0 0 0 0.0 0.0 0.0
2 2060000000000.0 0 0 0.0 0.0 0.0
3 3562864567816.39 13725100949406.48 0 0.0 0.0 0.0
4 10584993279898.191 1872809170097.2952 0.0 875941.9994855132 193535.99936683138 0.0
1 0 0 0 0.0 0.0 0.0
2 2060000000000.0 0 0 0.0 0.0 0.0
3 3562864567816.39 13725100949406.48 0 0.0 0.0 0.0
4 10890406220318.688 1940292408228.8276 0.0 891493.9992183652 196991.99927952548 0.0
1 0 0 0 0.0 0.0 0.0
2 2060000000000.0 0 0 0.0 0.0 0.0
3 3562864567816.39 13725100949406.48 0 0.0 0.0 0.0
4 11201193931846.795 2008970039930.1875 0.0 907045.9989512172 200447.99919221958 0.0
1 0 0 0 0.0 0.0 0.0
2 2060000000000.0 0 0 0.0 0.0 0.0
3 3562864567816.39 13725100949406.48 0 0.0 0.0 0.0
4 11517356414482.752 2078842065201.3706 0.0 922597.9986840691 203903.99910491367 0.0
1 0 0 0 0.0 0.0 0.0
2 2060000000000.0 0 0 0.0 0.0 0.0
3 3562864567816.39 13725100949406.48 0 0.0 0.0 0.0
4 11838893668226.287 2149908484042.378 0.0 938149.9984169211 207359.99901760777 0.0
1 0 0 0 0.0 0.0 0.0
2 2060000000000.0 0 0 0.0 0.0 0.0
3 3562864567816.39 13725100949406.48 0 0.0 0.0 0.0
4 12165805693077.447 2222169296453.2153 0.0 953701.9981497731 210815.99893030187 0.0
1 0 0 0 0.0 0.0 0.0
2 2060000000000.0 0 0 0.0 0.0 0.0
3 3562864567816.39 13725100949406.48 0 0.0 0.0 0.0
4 12498092489036.28 2295624502433.867 0.0 969253.9978826251 214271.99884299596 0.0
1 0 0 0 0.0 0.0 0.0
2 2060000000000.0 0 0 0.0 0.0 0.0
3 3562864567816.39 13725100949406.48 0 0.0 0.0 0.0
4 12835754056102.895 2370274101984.366 0.0 984805.9976154771 217727.99875569006 0.0
1 0 0 0 0.0 0.0 0.0
2 2060000000000.0 0 0 0.0 0.0 0.0
3 3562864567816.39 13725100949406.48 0 0.0 0.0 0.0
4 13178790394277.148 2446118095104.6963 0.0 1000357.997348329 221183.99866838416 0.0
1 0 0 0 0.0 0.0 0.0
2 2060000000000.0 0 0 0.0 0.0 0.0
3 3562864567816.39 13725100949406.48 0 0.0 0.0 0.0
4 13527201503559.043 2523156481794.85 0.0 1015909.997081181 224639.99858107825 0.0
1 0 0 0 0.0 0.0 0.0
2 2060000000000.0 0 0 0.0 0.0 0.0
3 3562864567816.39 13725100949406.48 0 0.0 0.0 0.0
4 13880987383948.523 2601389262054.83 0.0 1031461.996814033 228095.99849377235 0.0
1 0 0 0 0.0 0.0 0.0
2 2060000000000.0 0 0 0.0 0.0 0.0
3 3562864567816.39 13725100949406.48 0 0.0 0.0 0.0
4 14240148035445.81 2680816435884.6284 0.0 1047013.996546885 231551.99840646645 0.0
1 0 0 0 0.0 0.0 0.0
2 2060000000000.0 0 0 0.0 0.0 0.0
3 3562864567816.39 13725100949406.48 0 0.0 0.0 0.0
4 14604683458050.807 2761438003284.253 0.0 1062565.996279737 235007.99831916054 0.0
1 0 0 0 0.0 0.0 0.0
2 2060000000000.0 0 0 0.0 0.0 0.0
3 3562864567816.39 13725100949406.48 0 0.0 0.0 0.0
4 14974593651763.365 2843253964253.6997 0.0 1078117.996012589 238463.99823185464 0.0
1 0 0 0 0.0 0.0 0.0
2 2060000000000.0 0 0 0.0 0.0 0.0
3 3562864567816.39 13725100949406.48 0 0.0 0.0 0.0
4 15349878616583.58 2926264318792.9707 0.0 1093669.995745441 241919.99814454874 0.0
1 0 0 0 0.0 0.0 0.0
2 2060000000000.0 0 0 0.0 0.0 0.0
3 3562864567816.39 13725100949406.48 0 0.0 0.0 0.0
4 15730538352511.516 3010469066902.083 0.0 1109221.995478293 245375.99805724283 0.0
1 0 0 0 0.0 0.0 0.0
2 2060000000000.0 0 0 0.0 0.0 0.0
3 3562864567816.39 13725100949406.48 0 0.0 0.0 0.0
4 16116572859547.2 3095868208581.0317 0.0 1124773.995211145 248831.99796993693 0.0
1 0 0 0 0.0 0.0 0.0
2 2060000000000.0 0 0 0.0 0.0 0.0
3 3562864567816.39 13725100949406.48 0 0.0 0.0 0.0
4 16507982137690.523 3182461743829.8066 0.0 1140325.994943997 252287.99788263103 0.0
1 0 0 0 0.0 0.0 0.0
2 2060000000000.0 0 0 0.0 0.0 0.0
3 3562864567816.39 13725100949406.48 0 0.0 0.0 0.0
4 16904766186941.402 3270249672648.402 0.0 1155877.9946768489 255743.99779532512 0.0
1 0 0 0 0.0 0.0 0.0
2 2060000000000.0 0 0 0.0 0.0 0.0
3 3562864567816.39 13725100949406.48 0 0.0 0.0 0.0
4 17306925007299.994 3359231995036.8174 0.0 1171429.9944097009 259199.99770801922 0.0
1 0 0 0 0.0 0.0 0.0
2 2060000000000.0 0 0 0.0 0.0 0.0
3 3562864567816.39 13725100949406.48 0 0.0 0.0 0.0
4 17714458598766.41 3449408710996.0083 0.0 1186981.9941425528 262655.99765796604 0.0
1 0 0 0 0.0 0.0 0.0
2 2060000000000.0 0 0 0.0 0.0 0.0
3 3562864567816.39 13725100949406.48 0 0.0 0.0 0.0
4 18127366961340.336 3540779820580.4023 0.0 1202533.9938754048 266111.99782211724 0.0
1 0 0 0 0.0 0.0 0.0
2 2060000000000.0 0 0 0.0 0.0 0.0
3 3562864567816.39 13725100949406.48 0 0.0 0.0 0.0
4 18545650095021.965 3633345323821.525 0.0 1218085.9936082568 269567.9979862684 0.0
1 0 0 0 0.0 0.0 0.0
2 2060000000000.0 0 0 0.0 0.0 0.0
3 3562864567816.39 13725100949406.48 0 0.0 0.0 0.0
4 18969307999811.22 3727105220719.3774 0.0 1233637.9933411088 273023.9981504196 0.0
1 0 0 0 0.0 0.0 0.0
2 2060000000000.0 0 0 0.0 0.0 0.0
3 3562864567816.39 13725100949406.48 0 0.0 0.0 0.0
4 19398340675708.02 3822059511273.9746 0.0 1249189.9930739608 276479.9983145708 0.0
1 0 0 0 0.0 0.0 0.0
2 2060000000000.0 0 0 0.0 0.0 0.0
3 3562864567816.39 13725100949406.48 0 0.0 0.0 0.0
4 19832748122712.574 3918208195485.304 0.0 1264741.9928068127 279935.998478722 0.0
1 0 0 0 0.0 0.0 0.0
2 2060000000000.0 0 0 0.0 0.0 0.0
3 3562864567816.39 13725100949406.48 0 0.0 0.0 0.0
4 20272530340825.156 4015551273353.3643 0.0 1280293.9925396647 283391.9986428732 0.0
1 0 0 0 0.0 0.0 0.0
2 2060000000000.0 0 0 0.0 0.0 0.0
3 3562864567816.39 13725100949406.48 0 0.0 0.0 0.0
4 20717687330045.3 4114088744878.149 0.0 1295845.9922725167 286847.9988070244 0.0
1 0 0 0 0.0 0.0 0.0
2 2060000000000.0 0 0 0.0 0.0 0.0
3 3562864567816.39 13725100949406.48 0 0.0 0.0 0.0
4 21168219090373.15 4213820610059.658 0.0 1311397.9920053687 290303.9989711756 0.0
1 0 0 0 0.0 0.0 0.0
2 2060000000000.0 0 0 0.0 0.0 0.0
3 3562864567816.39 13725100949406.48 0 0.0 0.0 0.0
4 21624125621808.59 4314746868897.898 0.0 1326949.9917382207 293759.99913532677 0.0
1 0 0 0 0.0 0.0 0.0
2 2060000000000.0 0 0 0.0 0.0 0.0
3 3562864567816.39 13725100949406.48 0 0.0 0.0 0.0
4 22085406924351.5 4416867521392.986 0.0 1342501.9914710727 297215.99929947796 0.0
1 0 0 0 0.0 0.0 0.0
2 2060000000000.0 0 0 0.0 0.0 0.0
3 3562864567816.39 13725100949406.48 0 0.0 0.0 0.0
4 22552062998002.113 4520182567544.671 0.0 1358053.9912039246 300671.99946362915 0.0
1 0 0 0 0.0 0.0 0.0
2 2060000000000.0 0 0 0.0 0.0 0.0
3 3562864567816.39 13725100949406.48 0 0.0 0.0 0.0
4 23024093842760.46 4624692007353.091 0.0 1373605.9909367766 304127.99962778034 0.0
1 0 0 0 0.0 0.0 0.0
2 2060000000000.0 0 0 0.0 0.0 0.0
3 3562864567816.39 13725100949406.48 0 0.0 0.0 0.0
4 23501499458626.293 4730395840818.291 0.0 1389157.9906696286 307583.99979193154 0.0
1 0 0 0 0.0 0.0 0.0
2 2060000000000.0 0 0 0.0 0.0 0.0
3 3562864567816.39 13725100949406.48 0 0.0 0.0 0.0
4 23984279845600.082 4837294067940.125 0.0 1404709.9904024806 311039.9999560827 0.0
1 0 0 0 0.0 0.0 0.0
2 2060000000000.0 0 0 0.0 0.0 0.0
3 3562864567816.39 13725100949406.48 0 0.0 0.0 0.0
4 24472435003681.727 4945386688718.825 0.0 1420261.9901353326 314496.0001202339 0.0
1 0 0 0 0.0 0.0 0.0
2 2060000000000.0 0 0 0.0 0.0 0.0
3 3562864567816.39 13725100949406.48 0 0.0 0.0 0.0
4 24965964932870.918 5054673703154.068 0.0 1435813.9898681846 317952.0002843851 0.0
1 0 0 0 0.0 0.0 0.0
2 2060000000000.0 0 0 0.0 0.0 0.0
3 3562864567816.39 13725100949406.48 0 0.0 0.0 0.0
4 25464869633167.75 5165155111246.27 0.0 1451365.9896010365 321408.0004485363 0.0
1 0 0 0 0.0 0.0 0.0
2 2060000000000.0 0 0 0.0 0.0 0.0
3 3562864567816.39 13725100949406.48 0 0.0 0.0 0.0
4 25969149104572.223 5276830912995.032 0.0 1466917.9893338885 324864.0006126875 0.0
1 0 0 0 0.0 0.0 0.0
2 2060000000000.0 0 0 0.0 0.0 0.0
3 3562864567816.39 13725100949406.48 0 0.0 0.0 0.0
4 26478803347084.242 5389701108400.624 0.0 1482469.9890667405 328320.0007768387 0.0
1 0 0 0 0.0 0.0 0.0
2 2060000000000.0 0 0 0.0 0.0 0.0
3 3562864567816.39 13725100949406.48 0 0.0 0.0 0.0
4 26993832360703.84 5503765697462.895 0.0 1498021.9887995925 331776.0009409899 0.0
1 0 0 0 0.0 0.0 0.0
2 2060000000000.0 0 0 0.0 0.0 0.0
3 3562864567816.39 13725100949406.48 0 0.0 0.0 0.0
4 27514236145431.17 5619024680181.889 0.0 1513573.9885324445 335232.00110514107 0.0
1 0 0 0 0.0 0.0 0.0
2 2060000000000.0 0 0 0.0 0.0 0.0
3 3562864567816.39 13725100949406.48 0 0.0 0.0 0.0
4 28040014701266.227 5735478056557.671 0.0 1529125.9882652964 338688.00126929226 0.0
1 0 0 0 0.0 0.0 0.0
2 2060000000000.0 0 0 0.0 0.0 0.0
3 3562864567816.39 13725100949406.48 0 0.0 0.0 0.0
4 28571168028209.152 5853125826590.063 0.0 1544677.9879981484 342144.00143344345 0.0
1 0 0 0 0.0 0.0 0.0
2 2060000000000.0 0 0 0.0 0.0 0.0
3 3562864567816.39 13725100949406.48 0 0.0 0.0 0.0
4 29107696126259.78 5971967990279.354 0.0 1560229.9877310004 345600.00159759464 0.0
1 0 0 0 0.0 0.0 0.0
2 2060000000000.0 0 0 0.0 0.0 0.0
3 3562864567816.39 13725100949406.48 0 0.0 0.0 0.0
4 29649598995418.098 6092004547625.19 0.0 1575781.9874638524 349056.00176174584 0.0
1 0 0 0 0.0 0.0 0.0
2 2060000000000.0 0 0 0.0 0.0 0.0
3 3562864567816.39 13725100949406.48 0 0.0 0.0 0.0
4 30196876635683.914 6213235498627.942 0.0 1591333.9871967044 352512.001925897 0.0
1 0 0 0 0.0 0.0 0.0
2 2060000000000.0 0 0 0.0 0.0 0.0
3 3562864567816.39 13725100949406.48 0 0.0 0.0 0.0
4 30749529047057.402 6335660843287.287 0.0 1606885.9869295564 355968.0020900482 0.0
1 0 0 0 0.0 0.0 0.0
2 2060000000000.0 0 0 0.0 0.0 0.0
3 3562864567816.39 13725100949406.48 0 0.0 0.0 0.0
4 31307556229538.53 6459280581603.449 0.0 1622437.9866624083 359424.0022541994 0.0
1 0 0 0 0.0 0.0 0.0
2 2060000000000.0 0 0 0.0 0.0 0.0
3 3562864567816.39 13725100949406.48 0 0.0 0.0 0.0
4 31870958183127.145 6584094713576.31 0.0 1637989.9863952603 362880.0024183506 0.0
1 0 0 0 0.0 0.0 0.0
2 2060000000000.0 0 0 0.0 0.0 0.0
3 3562864567816.39 13725100949406.48 0 0.0 0.0 0.0
4 32439734907823.46 6710103239205.862 0.0 1653541.9861281123 366336.0025825018 0.0
1 0 0 0 0.0 0.0 0.0
2 2060000000000.0 0 0 0.0 0.0 0.0
3 3562864567816.39 13725100949406.48 0 0.0 0.0 0.0
4 33013886403627.844 6837306158492.223 0.0 1669093.9858609643 369792.002746653 0.0
1 0 0 0 0.0 0.0 0.0
2 2060000000000.0 0 0 0.0 0.0 0.0
3 3562864567816.39 13725100949406.48 0 0.0 0.0 0.0
4 33593412670539.8 6965703471435.186 0.0 1684645.9855938163 373248.0029108042 0.0
1 0 0 0 0.0 0.0 0.0
2 2060000000000.0 0 0 0.0 0.0 0.0
3 3562864567816.39 13725100949406.48 0 0.0 0.0 0.0
4 34178313708559.414 7095295178035.062 0.0 1700197.9853266682 376704.00307495537 0.0
1 0 0 0 0.0 0.0 0.0
2 2060000000000.0 0 0 0.0 0.0 0.0
3 3562864567816.39 13725100949406.48 0 0.0 0.0 0.0
4 34768589517686.76 7226081278291.484 0.0 1715749.9850595202 380160.00323910656 0.0
1 0 0 0 0.0 0.0 0.0
2 2060000000000.0 0 0 0.0 0.0 0.0
3 3562864567816.39 13725100949406.48 0 0.0 0.0 0.0
4 35364240097919.86 7358061772204.795 0.0 1731301.9847923722 383616.00340325775 0.0
1 0 0 0 0.0 0.0 0.0
2 2060000000000.0 0 0 0.0 0.0 0.0
3 3562864567816.39 13725100949406.48 0 0.0 0.0 0.0
4 35965265449264.125 7491236659774.737 0.0 1746853.9845252242 387072.00356740894 0.0
1 0 0 0 0.0 0.0 0.0
2 2060000000000.0 0 0 0.0 0.0 0.0
3 3562864567816.39 13725100949406.48 0 0.0 0.0 0.0
4 36571665571713.305 7625605941001.462 0.0 1762405.9842580762 390528.00373156014 0.0
1 0 0 0 0.0 0.0 0.0
2 2060000000000.0 0 0 0.0 0.0 0.0
3 3562864567816.39 13725100949406.48 0 0.0 0.0 0.0
4 37183440465271.73 7761169615884.9 0.0 1777957.9839909282 393984.0038957113 0.0
1 0 0 0 0.0 0.0 0.0
2 2060000000000.0 0 0 0.0 0.0 0.0
3 3562864567816.39 13725100949406.48 0 0.0 0.0 0.0
4 37800590129937.66 7897927684425.012 0.0 1793509.9837237801 397440.0040598625 0.0
1 0 0 0 0.0 0.0 0.0
2 2060000000000.0 0 0 0.0 0.0 0.0
3 3562864567816.39 13725100949406.48 0 0.0 0.0 0.0
4 38423114565710.14 8035880146621.974 0.0 1809061.9834566321 400896.0042240137 0.0
1 0 0 0 0.0 0.0 0.0
2 2060000000000.0 0 0 0.0 0.0 0.0
3 3562864567816.39 13725100949406.48 0 0.0 0.0 0.0
4 39051013772591.82 8175027002475.499 0.0 1824613.983189484 404352.0043881649 0.0
1 0 0 0 0.0 0.0 0.0
2 2060000000000.0 0 0 0.0 0.0 0.0
3 3562864567816.39 13725100949406.48 0 0.0 0.0 0.0
4 39684287750579.305 8315368251985.953 0.0 1840165.982922336 407808.0045523161 0.0
1 0 0 0 0.0 0.0 0.0
2 2060000000000.0 0 0 0.0 0.0 0.0
3 3562864567816.39 13725100949406.48 0 0.0 0.0 0.0
4 40322936499676.67 8456903895152.958 0.0 1855717.982655188 411264.0047164673 0.0
1 0 0 0 0.0 0.0 0.0
2 2060000000000.0 0 0 0.0 0.0 0.0
3 3562864567816.39 13725100949406.48 0 0.0 0.0 0.0
4 40966960019879.445 8599633931976.843 0.0 1871269.98238804 414720.0048806185 0.0
1 0 0 0 0.0 0.0 0.0
2 2060000000000.0 0 0 0.0 0.0 0.0
3 3562864567816.39 13725100949406.48 0 0.0 0.0 0.0
4 41616358311192.305 8743558362457.367 0.0 1886821.982120892 418176.00504476967 0.0
1 0 0 0 0.0 0.0 0.0
2 2060000000000.0 0 0 0.0 0.0 0.0
3 3562864567816.39 13725100949406.48 0 0.0 0.0 0.0
4 42271131373610.86 8888677186594.812 0.0 1902373.981853744 421632.00520892086 0.0
1 0 0 0 0.0 0.0 0.0
2 2060000000000.0 0 0 0.0 0.0 0.0
3 3562864567816.39 13725100949406.48 0 0.0 0.0 0.0
4 42931279207138.16 9034990404388.537 0.0 1917925.981586596 425088.00537307205 0.0
1 0 0 0 0.0 0.0 0.0
2 2060000000000.0 0 0 0.0 0.0 0.0
3 3562864567816.39 13725100949406.48 0 0.0 0.0 0.0
4 43596801811773.18 9182498015839.416 0.0 1933477.981319448 428544.00553722325 0.0
1 0 0 0 0.0 0.0 0.0
2 2060000000000.0 0 0 0.0 0.0 0.0
3 3562864567816.39 13725100949406.48 0 0.0 0.0 0.0
4 44267699187514.54 9331200020947.062 0.0 1949029.9810523 432000.00570137444 0.0
1 0 0 0 0.0 0.0 0.0
2 2060000000000.0 0 0 0.0 0.0 0.0
3 3562864567816.39 13725100949406.48 0 0.0 0.0 0.0
4 44943971334365.625 9481096419711.146 0.0 1964581.980785152 435456.0058655256 0.0
1 0 0 0 0.0 0.0 0.0
2 2060000000000.0 0 0 0.0 0.0 0.0
3 3562864567816.39 13725100949406.48 0 0.0 0.0 0.0
4 45625618252321.7 9632187212131.76 0.0 1980133.980518004 438912.0060296768 0.0
1 0 0 0 0.0 0.0 0.0
2 2060000000000.0 0 0 0.0 0.0 0.0
3 3562864567816.39 13725100949406.48 0 0.0 0.0 0.0
4 46312639941388.445 9784472398209.742 0.0 1995685.980250856 442368.006193828 0.0
1 0 0 0 0.0 0.0 0.0
2 2060000000000.0 0 0 0.0 0.0 0.0
3 3562864567816.39 13725100949406.48 0 0.0 0.0 0.0
4 47005036401560.59 9937951977944.217 0.0 2011237.979983708 445824.0063579792 0.0
1 0 0 0 0.0 0.0 0.0
2 2060000000000.0 0 0 0.0 0.0 0.0
3 3562864567816.39 13725100949406.48 0 0.0 0.0 0.0
4 47702807632842.05 10092625951335.113 0.0 2026789.9797165599 449280.0065221304 0.0
1 0 0 0 0.0 0.0 0.0
2 2060000000000.0 0 0 0.0 0.0 0.0
3 3562864567816.39 13725100949406.48 0 0.0 0.0 0.0
4 48405953635229.98 10248494318382.992 0.0 2042341.9794494119 452736.0066862816 0.0
1 0 0 0 0.0 0.0 0.0
2 2060000000000.0 0 0 0.0 0.0 0.0
3 3562864567816.39 13725100949406.48 0 0.0 0.0 0.0
4 49114474408726.15 10405557079087.803 0.0 2057893.9791822638 456192.0068504328 0.0
1 0 0 0 0.0 0.0 0.0
2 2060000000000.0 0 0 0.0 0.0 0.0
3 3562864567816.39 13725100949406.48 0 0.0 0.0 0.0
4 49828369953330.266 10563814233449.05 0.0 2073445.9789151158 459648.00701458397 0.0
1 0 0 0 0.0 0.0 0.0
2 2060000000000.0 0 0 0.0 0.0 0.0
3 3562864567816.39 13725100949406.48 0 0.0 0.0 0.0
4 50547640269040.5 10723265781466.72 0.0 2088997.9786479678 463104.00717873516 0.0
1 0 0 0 0.0 0.0 0.0
2 2060000000000.0 0 0 0.0 0.0 0.0
3 3562864567816.39 13725100949406.48 0 0.0 0.0 0.0
4 51272285355939.305 10883911723141.81 0.0 2104549.979337751 466560.00734288635 0.0
1 0 0 0 0.0 0.0 0.0
2 2060000000000.0 0 0 0.0 0.0 0.0
3 3562864567816.39 13725100949406.48 0 0.0 0.0 0.0
4 52002305214542.86 11045752058473.418 0.0 2120101.9810822597 470016.00750703755 0.0
1 0 0 0 0.0 0.0 0.0
2 2060000000000.0 0 0 0.0 0.0 0.0
3 3562864567816.39 13725100949406.48 0 0.0 0.0 0.0
4 52737699844952.22 11208786787461.486 0.0 2135653.9828267684 473472.00767118874 0.0
1 0 0 0 0.0 0.0 0.0
2 2060000000000.0 0 0 0.0 0.0 0.0
3 3562864567816.39 13725100949406.48 0 0.0 0.0 0.0
4 53478469247162.37 11373015910106.357 0.0 2151205.984571277 476928.00783533993 0.0
1 0 0 0 0.0 0.0 0.0
2 2060000000000.0 0 0 0.0 0.0 0.0
3 3562864567816.39 13725100949406.48 0 0.0 0.0 0.0
4 54224613421176.6 11538439426408.332 0.0 2166757.986315786 480384.0079994911 0.0
1 0 0 0 0.0 0.0 0.0
2 2060000000000.0 0 0 0.0 0.0 0.0
3 3562864567816.39 13725100949406.48 0 0.0 0.0 0.0
4 54976132366993.31 11705057336366.744 0.0 2182309.9880602947 483840.0081636423 0.0
1 0 0 0 0.0 0.0 0.0
2 2060000000000.0 0 0 0.0 0.0 0.0
3 3562864567816.39 13725100949406.48 0 0.0 0.0 0.0
4 55733026084612.39 11872869639981.578 0.0 2197861.9898048034 487296.0083277935 0.0
1 0 0 0 0.0 0.0 0.0
2 2060000000000.0 0 0 0.0 0.0 0.0
3 3562864567816.39 13725100949406.48 0 0.0 0.0 0.0
4 56495294574035.63 12041876337253.668 0.0 2213413.991549312 490752.0084919447 0.0
1 0 0 0 0.0 0.0 0.0
2 2060000000000.0 0 0 0.0 0.0 0.0
3 3562864567816.39 13725100949406.48 0 0.0 0.0 0.0
4 57262937835259.555 12212077428182.424 0.0 2228965.993293821 494208.0086560959 0.0
1 0 0 0 0.0 0.0 0.0
2 2060000000000.0 0 0 0.0 0.0 0.0
3 3562864567816.39 13725100949406.48 0 0.0 0.0 0.0
4 58035955868289.3 12383472912767.648 0.0 2244517.9950383296 497664.0088202471 0.0
1 0 0 0 0.0 0.0 0.0
2 2060000000000.0 0 0 0.0 0.0 0.0
3 3562864567816.39 13725100949406.48 0 0.0 0.0 0.0
4 58814348673119.38 12556062791009.512 0.0 2260069.9967828384 501120.0089843983 0.0
1 0 0 0 0.0 0.0 0.0
2 2060000000000.0 0 0 0.0 0.0 0.0
3 3562864567816.39 13725100949406.48 0 0.0 0.0 0.0
4 59598116249754.4 12729847062908.643 0.0 2275621.998527347 504576.00914854946 0.0
1 0 0 0 0.0 0.0 0.0
2 2060000000000.0 0 0 0.0 0.0 0.0
3 3562864567816.39 13725100949406.48 0 0.0 0.0 0.0
4 60387258598191.016 12904825728464.227 0.0 2291174.000271856 508032.00931270065 0.0
1 0 0 0 0.0 0.0 0.0
2 2060000000000.0 0 0 0.0 0.0 0.0
3 3562864567816.39 13725100949406.48 0 0.0 0.0 0.0
4 61181775718430.91 13080998787676.232 0.0 2306726.0020163646 511488.00947685185 0.0
1 0 0 0 0.0 0.0 0.0
2 2060000000000.0 0 0 0.0 0.0 0.0
3 3562864567816.39 13725100949406.48 0 0.0 0.0 0.0
4 61981667610474.086 13258366240545.314 0.0 2322278.0037608733 514944.00964100304 0.0
1 0 0 0 0.0 0.0 0.0
2 2060000000000.0 0 0 0.0 0.0 0.0
3 3562864567816.39 13725100949406.48 0 0.0 0.0 0.0
4 62786934274318.85 13436928087071.234 0.0 2337830.005505382 518400.00980515423 0.0
1 0 0 0 0.0 0.0 0.0
2 2060000000000.0 0 0 0.0 0.0 0.0
3 3562864567816.39 13725100949406.48 0 0.0 0.0 0.0
4 63597575709968.56 13616684327253.607 0.0 2353382.007249891 521856.0099693054 0.0
1 0 0 0 0.0 0.0 0.0
2 2060000000000.0 0 0 0.0 0.0 0.0
3 3562864567816.39 13725100949406.48 0 0.0 0.0 0.0
4 64413591917418.555 13797634961092.463 0.0 2368934.0089943996 525312.0101334566 0.0
1 0 0 0 0.0 0.0 0.0
2 2060000000000.0 0 0 0.0 0.0 0.0
3 3562864567816.39 13725100949406.48 0 0.0 0.0 0.0
4 65234982896674.38 13979779988588.766 0.0 2384486.0107389083 528768.0102976077 0.0
1 0 0 0 0.0 0.0 0.0
2 2060000000000.0 0 0 0.0 0.0 0.0
3 3562864567816.39 13725100949406.48 0 0.0 0.0 0.0
4 66061748647730.91 14163119409741.506 0.0 2400038.012483417 532224.0104617589 0.0
1 0 0 0 0.0 0.0 0.0
2 2060000000000.0 0 0 0.0 0.0 0.0
3 3562864567816.39 13725100949406.48 0 0.0 0.0 0.0
4 66893889170591.58 14347653224550.684 0.0 2415590.014227926 535680.0106259101 0.0
1 0 0 0 0.0 0.0 0.0
2 2060000000000.0 0 0 0.0 0.0 0.0
3 3562864567816.39 13725100949406.48 0 0.0 0.0 0.0
4 67731404465254.664 14533381433016.758 0.0 2431142.0159724345 539136.0107900613 0.0
1 0 0 0 0.0 0.0 0.0
2 2060000000000.0 0 0 0.0 0.0 0.0
3 3562864567816.39 13725100949406.48 0 0.0 0.0 0.0
4 68574294531720.21 14720304035139.842 0.0 2446694.0177169433 542592.0109542125 0.0
1 0 0 0 0.0 0.0 0.0
2 2060000000000.0 0 0 0.0 0.0 0.0
3 3562864567816.39 13725100949406.48 0 0.0 0.0 0.0
4 69422559369989.89 14908421030919.363 0.0 2462246.019461452 546048.0111183637 0.0
1 0 0 0 0.0 0.0 0.0
2 2060000000000.0 0 0 0.0 0.0 0.0
3 3562864567816.39 13725100949406.48 0 0.0 0.0 0.0
4 70276198980060.28 15097732420355.346 0.0 2477798.021205961 549504.0112825149 0.0
1 0 0 0 0.0 0.0 0.0
2 2060000000000.0 0 0 0.0 0.0 0.0
3 3562864567816.39 13725100949406.48 0 0.0 0.0 0.0
4 71135213361936.22 15288238203448.67 0.0 2493350.0229504695 552960.0114466661 0.0
1 0 0 0 0.0 0.0 0.0
2 2060000000000.0 0 0 0.0 0.0 0.0
3 3562864567816.39 13725100949406.48 0 0.0 0.0 0.0
4 71999602515611.67 15479938380198.582 0.0 2508902.0246949783 556416.0116108173 0.0
1 0 0 0 0.0 0.0 0.0
2 2060000000000.0 0 0 0.0 0.0 0.0
3 3562864567816.39 13725100949406.48 0 0.0 0.0 0.0
4 72869366441089.58 15672832950604.924 0.0 2524454.026439487 559872.0117749685 0.0
1 0 0 0 0.0 0.0 0.0
2 2060000000000.0 0 0 0.0 0.0 0.0
3 3562864567816.39 13725100949406.48 0 0.0 0.0 0.0
4 73744505138377.47 15866921914667.99 0.0 2540006.0281839957 563328.0119391197 0.0
1 0 0 0 0.0 0.0 0.0
2 2060000000000.0 0 0 0.0 0.0 0.0
3 3562864567816.39 13725100949406.48 0 0.0 0.0 0.0
4 74625018607463.73 16062205272388.23 0.0 2555558.0299285045 566784.0121032709 0.0
1 0 0 0 0.0 0.0 0.0
2 2060000000000.0 0 0 0.0 0.0 0.0
3 3562864567816.39 13725100949406.48 0 0.0 0.0 0.0
4 75510906848348.75 16258683023764.924 0.0 2571110.031673013 570240.012267422 0.0
1 0 0 0 0.0 0.0 0.0
2 2060000000000.0 0 0 0.0 0.0 0.0
3 3562864567816.39 13725100949406.48 0 0.0 0.0 0.0
4 76402169861043.28 16456355168798.047 0.0 2586662.033417522 573696.0124315732 0.0
1 0 0 0 0.0 0.0 0.0
2 2060000000000.0 0 0 0.0 0.0 0.0
3 3562864567816.39 13725100949406.48 0 0.0 0.0 0.0
4 77298807645540.61 16655221707488.371 0.0 2602214.0351620307 577152.0125957244 0.0
1 0 0 0 0.0 0.0 0.0
2 2060000000000.0 0 0 0.0 0.0 0.0
3 3562864567816.39 13725100949406.48 0 0.0 0.0 0.0
4 78200820201836.75 16855282639835.447 0.0 2617766.0369065395 580608.0127598756 0.0
1 0 0 0 0.0 0.0 0.0
2 2060000000000.0 0 0 0.0 0.0 0.0
3 3562864567816.39 13725100949406.48 0 0.0 0.0 0.0
4 79108207529933.66 17056537965838.96 0.0 2633318.038651048 584064.0129240268 0.0
1 0 0 0 0.0 0.0 0.0
2 2060000000000.0 0 0 0.0 0.0 0.0
3 3562864567816.39 13725100949406.48 0 0.0 0.0 0.0
4 80020969629842.42 17258987685499.02 0.0 2648870.040395557 587520.013088178 0.0
1 0 0 0 0.0 0.0 0.0
2 2060000000000.0 0 0 0.0 0.0 0.0
3 3562864567816.39 13725100949406.48 0 0.0 0.0 0.0
4 80939106501549.38 17462631798816.424 0.0 2664422.0421400657 590976.0132523292 0.0
1 0 0 0 0.0 0.0 0.0
2 2060000000000.0 0 0 0.0 0.0 0.0
3 3562864567816.39 13725100949406.48 0 0.0 0.0 0.0
4 81862618145055.33 17667470305790.418 0.0 2679974.0438845744 594432.0134164804 0.0
1 0 0 0 0.0 0.0 0.0
2 2060000000000.0 0 0 0.0 0.0 0.0
3 3562864567816.39 13725100949406.48 0 0.0 0.0 0.0
4 82791504560368.8 17873503206420.258 0.0 2695526.045629083 597888.0135806316 0.0
1 0 0 0 0.0 0.0 0.0
2 2060000000000.0 0 0 0.0 0.0 0.0
3 3562864567816.39 13725100949406.48 0 0.0 0.0 0.0
4 83725765747487.06 18080730500707.492 0.0 2711078.047373592 601344.0137447828 0.0
1 0 0 0 0.0 0.0 0.0
2 2060000000000.0 0 0 0.0 0.0 0.0
3 3562864567816.39 13725100949406.48 0 0.0 0.0 0.0
4 84665401706404.02 18289152188652.24 0.0 2726630.0491181007 604800.013908934 0.0
1 0 0 0 0.0 0.0 0.0
2 2060000000000.0 0 0 0.0 0.0 0.0
3 3562864567816.39 13725100949406.48 0 0.0 0.0 0.0
4 85610412437120.05 18498768270251.86 0.0 2742182.0508626094 608256.0140730852 0.0
1 0 0 0 0.0 0.0 0.0
2 2060000000000.0 0 0 0.0 0.0 0.0
3 3562864567816.39 13725100949406.48 0 0.0 0.0 0.0
4 86560797939649.5 18709578745509.89 0.0 2757734.052607118 611712.0142372363 0.0
1 0 0 0 0.0 0.0 0.0
2 2060000000000.0 0 0 0.0 0.0 0.0
3 3562864567816.39 13725100949406.48 0 0.0 0.0 0.0
4 87516558213977.27 18921583614424.605 0.0 2773286.054351627 615168.0144013875 0.0
1 0 0 0 0.0 0.0 0.0
2 2060000000000.0 0 0 0.0 0.0 0.0
3 3562864567816.39 13725100949406.48 0 0.0 0.0 0.0
4 88477693260104.1 19134782876993.805 0.0 2788838.0560961356 618624.0145655387 0.0
