4
#index x y z vx vy vz
1 0 0 0 0.0 0.0 0.0
2 2060000000000.0 0 0 0.0 0.0 0.0
3 3562864567816.39 13725100949406.48 0 0.0 0.0 0.0
4 2060000000201.2102 0.02999999999999994 0.0 5029.999999999971 -5.826014300775031e-15 0.0
1 0 0 0 0.0 0.0 0.0
2 2060000000000.0 0 0 0.0 0.0 0.0
3 3562864567816.39 13725100949406.48 0 0.0 0.0 0.0
4 2061738369888.7102 0.029999997721822342 0.0 5029.999999999961 -6.5166264696707154e-15 0.0
1 0 0 0 0.0 0.0 0.0
2 2060000000000.0 0 0 0.0 0.0 0.0
3 3562864567816.39 13725100949406.48 0 0.0 0.0 0.0
4 2063476739576.2102 0.029999995443644695 0.0 5029.999999999961 -6.5166264696707154e-15 0.0
1 0 0 0 0.0 0.0 0.0
2 2060000000000.0 0 0 0.0 0.0 0.0
3 3562864567816.39 13725100949406.48 0 0.0 0.0 0.0
4 2065215109263.7102 0.02999999316546705 0.0 5029.999999999961 -6.5166264696707154e-15 0.0
1 0 0 0 0.0 0.0 0.0
2 2060000000000.0 0 0 0.0 0.0 0.0
3 3562864567816.39 13725100949406.48 0 0.0 0.0 0.0
4 2066953478951.2102 0.029999990887289402 0.0 5029.999999999961 -6.5166264696707154e-15 0.0
1 0 0 0 0.0 0.0 0.0
2 2060000000000.0 0 0 0.0 0.0 0.0
3 3562864567816.39 13725100949406.48 0 0.0 0.0 0.0
4 2068691848638.7102 0.029999988609111756 0.0 5029.999999999961 -6.5166264696707154e-15 0.0
1 0 0 0 0.0 0.0 0.0
2 2060000000000.0 0 0 0.0 0.0 0.0
3 3562864567816.39 13725100949406.48 0 0.0 0.0 0.0
4 2070430218326.2102 0.02999998633093411 0.0 5029.999999999961 -6.5166264696707154e-15 0.0
1 0 0 0 0.0 0.0 0.0
2 2060000000000.0 0 0 0.0 0.0 0.0
3 3562864567816.39 13725100949406.48 0 0.0 0.0 0.0
4 2072168588013.7102 0.029999984052756463 0.0 5029.999999999961 -6.5166264696707154e-15 0.0
1 0 0 0 0.0 0.0 0.0
2 2060000000000.0 0 0 0.0 0.0 0.0
3 3562864567816.39 13725100949406.48 0 0.0 0.0 0.0
4 2073906957701.2102 0.029999981774578816 0.0 5029.999999999961 -6.5166264696707154e-15 0.0
1 0 0 0 0.0 0.0 0.0
2 2060000000000.0 0 0 0.0 0.0 0.0
3 3562864567816.39 13725100949406.48 0 0.0 0.0 0.0
4 2075645327388.7102 0.02999997949640117 0.0 5029.999999999961 -6.5166264696707154e-15 0.0
1 0 0 0 0.0 0.0 0.0
2 2060000000000.0 0 0 0.0 0.0 0.0
3 3562864567816.39 13725100949406.48 0 0.0 0.0 0.0
4 2077383697076.2102 0.029999977218223523 0.0 5029.999999999961 -6.5166264696707154e-15 0.0
1 0 0 0 0.0 0.0 0.0
2 2060000000000.0 0 0 0.0 0.0 0.0
3 3562864567816.39 13725100949406.48 0 0.0 0.0 0.0
4 2079122066763.7102 0.029999974940045877 0.0 5029.999999999961 -6.5166264696707154e-15 0.0
1 0 0 0 0.0 0.0 0.0
2 2060000000000.0 0 0 0.0 0.0 0.0
3 3562864567816.39 13725100949406.48 0 0.0 0.0 0.0
4 2080860436451.2102 0.02999997266186823 0.0 5029.999999999961 -6.5166264696707154e-15 0.0
1 0 0 0 0.0 0.0 0.0
2 2060000000000.0 0 0 0.0 0.0 0.0
3 3562864567816.39 13725100949406.48 0 0.0 0.0 0.0
4 2082598806138.7102 0.029999970383690584 0.0 5029.999999999961 -6.5166264696707154e-15 0.0
1 0 0 0 0.0 0.0 0.0
2 2060000000000.0 0 0 0.0 0.0 0.0
3 3562864567816.39 13725100949406.48 0 0.0 0.0 0.0
4 2084337175826.2102 0.029999968105512937 0.0 5029.999999999961 -6.5166264696707154e-15 0.0
1 0 0 0 0.0 0.0 0.0
2 2060000000000.0 0 0 0.0 0.0 0.0
3 3562864567816.39 13725100949406.48 0 0.0 0.0 0.0
4 2086075545513.7102 0.02999996582733529 0.0 5029.999999999961 -6.5166264696707154e-15 0.0
1 0 0 0 0.0 0.0 0.0
2 2060000000000.0 0 0 0.0 0.0 0.0
3 3562864567816.39 13725100949406.48 0 0.0 0.0 0.0
4 2087813915201.2102 0.029999963549157644 0.0 5029.999999999961 -6.5166264696707154e-15 0.0
1 0 0 0 0.0 0.0 0.0
2 2060000000000.0 0 0 0.0 0.0 0.0
3 3562864567816.39 13725100949406.48 0 0.0 0.0 0.0
4 2089552284888.7102 0.029999961270979997 0.0 5029.999999999961 -6.5166264696707154e-15 0.0
1 0 0 0 0.0 0.0 0.0
2 2060000000000.0 0 0 0.0 0.0 0.0
3 3562864567816.39 13725100949406.48 0 0.0 0.0 0.0
4 2091290654576.2102 0.02999995899280235 0.0 5029.999999999961 -6.5166264696707154e-15 0.0
1 0 0 0 0.0 0.0 0.0
2 2060000000000.0 0 0 0.0 0.0 0.0
3 3562864567816.39 13725100949406.48 0 0.0 0.0 0.0
4 2093029024263.7102 0.029999956714624704 0.0 5029.999999999961 -6.5166264696707154e-15 0.0
1 0 0 0 0.0 0.0 0.0
2 2060000000000.0 0 0 0.0 0.0 0.0
3 3562864567816.39 13725100949406.48 0 0.0 0.0 0.0
4 2094767393951.2102 0.029999954436447058 0.0 5029.999999999961 -6.5166264696707154e-15 0.0
1 0 0 0 0.0 0.0 0.0
2 2060000000000.0 0 0 0.0 0.0 0.0
3 3562864567816.39 13725100949406.48 0 0.0 0.0 0.0
4 2096505763638.7102 0.02999995215826941 0.0 5029.999999999961 -6.5166264696707154e-15 0.0
1 0 0 0 0.0 0.0 0.0
2 2060000000000.0 0 0 0.0 0.0 0.0
3 3562864567816.39 13725100949406.48 0 0.0 0.0 0.0
4 2098244133326.2102 0.029999949880091765 0.0 5029.999999999961 -6.5166264696707154e-15 0.0
1 0 0 0 0.0 0.0 0.0
2 2060000000000.0 0 0 0.0 0.0 0.0
3 3562864567816.39 13725100949406.48 0 0.0 0.0 0.0
4 2099982503013.7102 0.02999994760191412 0.0 5029.999999999961 -6.5166264696707154e-15 0.0
1 0 0 0 0.0 0.0 0.0
2 2060000000000.0 0 0 0.0 0.0 0.0
3 3562864567816.39 13725100949406.48 0 0.0 0.0 0.0
4 2101720872701.2102 0.029999945323736472 0.0 5029.999999999961 -6.5166264696707154e-15 0.0
1 0 0 0 0.0 0.0 0.0
2 2060000000000.0 0 0 0.0 0.0 0.0
3 3562864567816.39 13725100949406.48 0 0.0 0.0 0.0
4 2103459242388.7102 0.029999943045558825 0.0 5029.999999999961 -6.5166264696707154e-15 0.0
1 0 0 0 0.0 0.0 0.0
2 2060000000000.0 0 0 0.0 0.0 0.0
3 3562864567816.39 13725100949406.48 0 0.0 0.0 0.0
4 2105197612076.2102 0.02999994076738118 0.0 5029.999999999961 -6.5166264696707154e-15 0.0
1 0 0 0 0.0 0.0 0.0
2 2060000000000.0 0 0 0.0 0.0 0.0
3 3562864567816.39 13725100949406.48 0 0.0 0.0 0.0
4 2106935981763.7102 0.029999938489203532 0.0 5029.999999999961 -6.5166264696707154e-15 0.0
1 0 0 0 0.0 0.0 0.0
2 2060000000000.0 0 0 0.0 0.0 0.0
3 3562864567816.39 13725100949406.48 0 0.0 0.0 0.0
4 2108674351451.2102 0.029999936211025886 0.0 5029.999999999961 -6.5166264696707154e-15 0.0
1 0 0 0 0.0 0.0 0.0
2 2060000000000.0 0 0 0.0 0.0 0.0
3 3562864567816.39 13725100949406.48 0 0.0 0.0 0.0
4 2110412721138.7102 0.02999993393284824 0.0 5029.999999999961 -6.5166264696707154e-15 0.0
1 0 0 0 0.0 0.0 0.0
2 2060000000000.0 0 0 0.0 0.0 0.0
3 3562864567816.39 13725100949406.48 0 0.0 0.0 0.0
4 2112151090826.2102 0.029999931654670593 0.0 5029.999999999961 -6.5166264696707154e-15 0.0
1 0 0 0 0.0 0.0 0.0
2 2060000000000.0 0 0 0.0 0.0 0.0
3 3562864567816.39 13725100949406.48 0 0.0 0.0 0.0
4 2113889460513.7102 0.029999929376492946 0.0 5029.999999999961 -6.5166264696707154e-15 0.0
1 0 0 0 0.0 0.0 0.0
2 2060000000000.0 0 0 0.0 0.0 0.0
3 3562864567816.39 13725100949406.48 0 0.0 0.0 0.0
4 2115627830201.2102 0.0299999270983153 0.0 5029.999999999961 -6.5166264696707154e-15 0.0
1 0 0 0 0.0 0.0 0.0
2 2060000000000.0 0 0 0.0 0.0 0.0
3 3562864567816.39 13725100949406.48 0 0.0 0.0 0.0
4 2117366199888.7102 0.029999924820137653 0.0 5029.999999999961 -6.5166264696707154e-15 0.0
1 0 0 0 0.0 0.0 0.0
2 2060000000000.0 0 0 0.0 0.0 0.0
3 3562864567816.39 13725100949406.48 0 0.0 0.0 0.0
4 2119104569576.2102 0.029999922541960006 0.0 5029.999999999961 -6.5166264696707154e-15 0.0
1 0 0 0 0.0 0.0 0.0
2 2060000000000.0 0 0 0.0 0.0 0.0
3 3562864567816.39 13725100949406.48 0 0.0 0.0 0.0
4 2120842939263.7102 0.02999992026378236 0.0 5029.999999999961 -6.5166264696707154e-15 0.0
1 0 0 0 0.0 0.0 0.0
2 2060000000000.0 0 0 0.0 0.0 0.0
3 3562864567816.39 13725100949406.48 0 0.0 0.0 0.0
4 2122581308951.2102 0.029999917985604713 0.0 5029.999999999961 -6.5166264696707154e-15 0.0
1 0 0 0 0.0 0.0 0.0
2 2060000000000.0 0 0 0.0 0.0 0.0
3 3562864567816.39 13725100949406.48 0 0.0 0.0 0.0
4 2124319678638.7102 0.029999915707427067 0.0 5029.999999999961 -6.5166264696707154e-15 0.0
1 0 0 0 0.0 0.0 0.0
2 2060000000000.0 0 0 0.0 0.0 0.0
3 3562864567816.39 13725100949406.48 0 0.0 0.0 0.0
4 2126058048326.2102 0.02999991342924942 0.0 5029.999999999961 -6.5166264696707154e-15 0.0
1 0 0 0 0.0 0.0 0.0
2 2060000000000.0 0 0 0.0 0.0 0.0
3 3562864567816.39 13725100949406.48 0 0.0 0.0 0.0
4 2127796418013.7102 0.029999911151071774 0.0 5029.999999999961 -6.5166264696707154e-15 0.0
1 0 0 0 0.0 0.0 0.0
2 2060000000000.0 0 0 0.0 0.0 0.0
3 3562864567816.39 13725100949406.48 0 0.0 0.0 0.0
4 2129534787701.2102 0.029999908872894127 0.0 5029.999999999961 -6.5166264696707154e-15 0.0
1 0 0 0 0.0 0.0 0.0
2 2060000000000.0 0 0 0.0 0.0 0.0
3 3562864567816.39 13725100949406.48 0 0.0 0.0 0.0
4 2131273157388.7102 0.02999990659471648 0.0 5029.999999999961 -6.5166264696707154e-15 0.0
1 0 0 0 0.0 0.0 0.0
2 2060000000000.0 0 0 0.0 0.0 0.0
3 3562864567816.39 13725100949406.48 0 0.0 0.0 0.0
4 2133011527076.2102 0.029999904316538834 0.0 5029.999999999961 -6.5166264696707154e-15 0.0
1 0 0 0 0.0 0.0 0.0
2 2060000000000.0 0 0 0.0 0.0 0.0
3 3562864567816.39 13725100949406.48 0 0.0 0.0 0.0
4 2134749896763.7102 0.029999902038361188 0.0 5029.999999999961 -6.5166264696707154e-15 0.0
1 0 0 0 0.0 0.0 0.0
2 2060000000000.0 0 0 0.0 0.0 0.0
3 3562864567816.39 13725100949406.48 0 0.0 0.0 0.0
4 2136488266451.2102 0.02999989976018354 0.0 5029.999999999961 -6.5166264696707154e-15 0.0
1 0 0 0 0.0 0.0 0.0
2 2060000000000.0 0 0 0.0 0.0 0.0
3 3562864567816.39 13725100949406.48 0 0.0 0.0 0.0
4 2138226636138.7102 0.029999897482005895 0.0 5029.999999999961 -6.5166264696707154e-15 0.0
1 0 0 0 0.0 0.0 0.0
2 2060000000000.0 0 0 0.0 0.0 0.0
3 3562864567816.39 13725100949406.48 0 0.0 0.0 0.0
4 2139965005826.2102 0.029999895203828248 0.0 5029.999999999961 -6.5166264696707154e-15 0.0
1 0 0 0 0.0 0.0 0.0
2 2060000000000.0 0 0 0.0 0.0 0.0
3 3562864567816.39 13725100949406.48 0 0.0 0.0 0.0
4 2141703375513.7102 0.0299998929256506 0.0 5029.999999999961 -6.5166264696707154e-15 0.0
1 0 0 0 0.0 0.0 0.0
2 2060000000000.0 0 0 0.0 0.0 0.0
3 3562864567816.39 13725100949406.48 0 0.0 0.0 0.0
4 2143441745201.2102 0.029999890647472955 0.0 5029.999999999961 -6.5166264696707154e-15 0.0
1 0 0 0 0.0 0.0 0.0
2 2060000000000.0 0 0 0.0 0.0 0.0
3 3562864567816.39 13725100949406.48 0 0.0 0.0 0.0
4 2145180114888.7102 0.02999988836929531 0.0 5029.999999999961 -6.5166264696707154e-15 0.0
1 0 0 0 0.0 0.0 0.0
2 2060000000000.0 0 0 0.0 0.0 0.0
3 3562864567816.39 13725100949406.48 0 0.0 0.0 0.0
4 2146918484576.2102 0.029999886091117662 0.0 5029.999999999961 -6.5166264696707154e-15 0.0
1 0 0 0 0.0 0.0 0.0
2 2060000000000.0 0 0 0.0 0.0 0.0
3 3562864567816.39 13725100949406.48 0 0.0 0.0 0.0
4 2148656854263.7102 0.029999883812940015 0.0 5029.999999999961 -6.5166264696707154e-15 0.0
1 0 0 0 0.0 0.0 0.0
2 2060000000000.0 0 0 0.0 0.0 0.0
3 3562864567816.39 13725100949406.48 0 0.0 0.0 0.0
4 2150395223951.2102 0.02999988153476237 0.0 5029.999999999961 -6.5166264696707154e-15 0.0
1 0 0 0 0.0 0.0 0.0
2 2060000000000.0 0 0 0.0 0.0 0.0
3 3562864567816.39 13725100949406.48 0 0.0 0.0 0.0
4 2152133593638.7102 0.029999879256584722 0.0 5029.999999999961 -6.5166264696707154e-15 0.0
1 0 0 0 0.0 0.0 0.0
2 2060000000000.0 0 0 0.0 0.0 0.0
3 3562864567816.39 13725100949406.48 0 0.0 0.0 0.0
4 2153871963326.2102 0.029999876978407076 0.0 5029.999999999961 -6.5166264696707154e-15 0.0
1 0 0 0 0.0 0.0 0.0
2 2060000000000.0 0 0 0.0 0.0 0.0
3 3562864567816.39 13725100949406.48 0 0.0 0.0 0.0
4 2155610333013.7102 0.02999987470022943 0.0 5029.999999999961 -6.5166264696707154e-15 0.0
1 0 0 0 0.0 0.0 0.0
2 2060000000000.0 0 0 0.0 0.0 0.0
3 3562864567816.39 13725100949406.48 0 0.0 0.0 0.0
4 2157348702701.2102 0.029999872422051783 0.0 5029.999999999961 -6.5166264696707154e-15 0.0
1 0 0 0 0.0 0.0 0.0
2 2060000000000.0 0 0 0.0 0.0 0.0
3 3562864567816.39 13725100949406.48 0 0.0 0.0 0.0
4 2159087072388.7102 0.029999870143874136 0.0 5029.999999999961 -6.5166264696707154e-15 0.0
1 0 0 0 0.0 0.0 0.0
2 2060000000000.0 0 0 0.0 0.0 0.0
3 3562864567816.39 13725100949406.48 0 0.0 0.0 0.0
4 2160825442076.2102 0.02999986786569649 0.0 5029.999999999961 -6.5166264696707154e-15 0.0
1 0 0 0 0.0 0.0 0.0
2 2060000000000.0 0 0 0.0 0.0 0.0
3 3562864567816.39 13725100949406.48 0 0.0 0.0 0.0
4 2162563811763.7102 0.029999865587518843 0.0 5029.999999999961 -6.5166264696707154e-15 0.0
1 0 0 0 0.0 0.0 0.0
2 2060000000000.0 0 0 0.0 0.0 0.0
3 3562864567816.39 13725100949406.48 0 0.0 0.0 0.0
4 2164302181451.2102 0.029999863309341197 0.0 5029.999999999961 -6.5166264696707154e-15 0.0
1 0 0 0 0.0 0.0 0.0
2 2060000000000.0 0 0 0.0 0.0 0.0
3 3562864567816.39 13725100949406.48 0 0.0 0.0 0.0
4 2166040551138.7102 0.02999986103116355 0.0 5029.999999999961 -6.5166264696707154e-15 0.0
1 0 0 0 0.0 0.0 0.0
2 2060000000000.0 0 0 0.0 0.0 0.0
3 3562864567816.39 13725100949406.48 0 0.0 0.0 0.0
4 2167778920826.2102 0.029999858752985904 0.0 5029.999999999961 -6.5166264696707154e-15 0.0
1 0 0 0 0.0 0.0 0.0
2 2060000000000.0 0 0 0.0 0.0 0.0
3 3562864567816.39 13725100949406.48 0 0.0 0.0 0.0
4 2169517290513.7102 0.029999856474808257 0.0 5029.999999999961 -6.5166264696707154e-15 0.0
1 0 0 0 0.0 0.0 0.0
2 2060000000000.0 0 0 0.0 0.0 0.0
3 3562864567816.39 13725100949406.48 0 0.0 0.0 0.0
4 2171255660201.2102 0.02999985419663061 0.0 5029.999999999961 -6.5166264696707154e-15 0.0
1 0 0 0 0.0 0.0 0.0
2 2060000000000.0 0 0 0.0 0.0 0.0
3 3562864567816.39 13725100949406.48 0 0.0 0.0 0.0
4 2172994029888.7102 0.029999851918452964 0.0 5029.999999999961 -6.5166264696707154e-15 0.0
1 0 0 0 0.0 0.0 0.0
2 2060000000000.0 0 0 0.0 0.0 0.0
3 3562864567816.39 13725100949406.48 0 0.0 0.0 0.0
4 2174732399576.2102 0.029999849640275317 0.0 5029.999999999961 -6.5166264696707154e-15 0.0
1 0 0 0 0.0 0.0 0.0
2 2060000000000.0 0 0 0.0 0.0 0.0
3 3562864567816.39 13725100949406.48 0 0.0 0.0 0.0
4 2176470769263.7102 0.02999984736209767 0.0 5029.999999999961 -6.5166264696707154e-15 0.0
1 0 0 0 0.0 0.0 0.0
2 2060000000000.0 0 0 0.0 0.0 0.0
3 3562864567816.39 13725100949406.48 0 0.0 0.0 0.0
4 2178209138951.2102 0.029999845083920024 0.0 5029.999999999961 -6.5166264696707154e-15 0.0
1 0 0 0 0.0 0.0 0.0
2 2060000000000.0 0 0 0.0 0.0 0.0
3 3562864567816.39 13725100949406.48 0 0.0 0.0 0.0
4 2179947508638.7102 0.029999842805742378 0.0 5029.999999999961 -6.5166264696707154e-15 0.0
1 0 0 0 0.0 0.0 0.0
2 2060000000000.0 0 0 0.0 0.0 0.0
3 3562864567816.39 13725100949406.48 0 0.0 0.0 0.0
4 2181685878326.2102 0.02999984052756473 0.0 5029.999999999961 -6.5166264696707154e-15 0.0
1 0 0 0 0.0 0.0 0.0
2 2060000000000.0 0 0 0.0 0.0 0.0
3 3562864567816.39 13725100949406.48 0 0.0 0.0 0.0
4 2183424248013.7102 0.029999838249387085 0.0 5029.999999999961 -6.5166264696707154e-15 0.0
1 0 0 0 0.0 0.0 0.0
2 2060000000000.0 0 0 0.0 0.0 0.0
3 3562864567816.39 13725100949406.48 0 0.0 0.0 0.0
4 2185162617701.2102 0.029999835971209438 0.0 5029.999999999961 -6.5166264696707154e-15 0.0
1 0 0 0 0.0 0.0 0.0
2 2060000000000.0 0 0 0.0 0.0 0.0
3 3562864567816.39 13725100949406.48 0 0.0 0.0 0.0
4 2186900987388.7102 0.02999983369303179 0.0 5029.999999999961 -6.5166264696707154e-15 0.0
1 0 0 0 0.0 0.0 0.0
2 2060000000000.0 0 0 0.0 0.0 0.0
3 3562864567816.39 13725100949406.48 0 0.0 0.0 0.0
4 2188639357076.2102 0.029999831414854145 0.0 5029.999999999961 -6.5166264696707154e-15 0.0
1 0 0 0 0.0 0.0 0.0
2 2060000000000.0 0 0 0.0 0.0 0.0
3 3562864567816.39 13725100949406.48 0 0.0 0.0 0.0
4 2190377726763.7102 0.0299998291366765 0.0 5029.999999999961 -6.5166264696707154e-15 0.0
1 0 0 0 0.0 0.0 0.0
2 2060000000000.0 0 0 0.0 0.0 0.0
3 3562864567816.39 13725100949406.48 0 0.0 0.0 0.0
4 2192116096451.2102 0.029999826858498852 0.0 5029.999999999961 -6.5166264696707154e-15 0.0
1 0 0 0 0.0 0.0 0.0
2 2060000000000.0 0 0 0.0 0.0 0.0
3 3562864567816.39 13725100949406.48 0 0.0 0.0 0.0
4 2193854466138.7102 0.029999824580321206 0.0 5029.999999999961 -6.5166264696707154e-15 0.0
1 0 0 0 0.0 0.0 0.0
2 2060000000000.0 0 0 0.0 0.0 0.0
3 3562864567816.39 13725100949406.48 0 0.0 0.0 0.0
4 2195592835826.2102 0.02999982230214356 0.0 5029.999999999961 -6.5166264696707154e-15 0.0
1 0 0 0 0.0 0.0 0.0
2 2060000000000.0 0 0 0.0 0.0 0.0
3 3562864567816.39 13725100949406.48 0 0.0 0.0 0.0
4 2197331205513.7102 0.029999820023965913 0.0 5029.999999999961 -6.5166264696707154e-15 0.0
1 0 0 0 0.0 0.0 0.0
2 2060000000000.0 0 0 0.0 0.0 0.0
3 3562864567816.39 13725100949406.48 0 0.0 0.0 0.0
4 2199069574976.389 0.029999817745788266 0.0 5029.999999999961 -6.5166264696707154e-15 0.0
1 0 0 0 0.0 0.0 0.0
2 2060000000000.0 0 0 0.0 0.0 0.0
3 3562864567816.39 13725100949406.48 0 0.0 0.0 0.0
4 2200807936226.389 0.02999981546761062 0.0 5029.999999999961 -6.5166264696707154e-15 0.0
1 0 0 0 0.0 0.0 0.0
2 2060000000000.0 0 0 0.0 0.0 0.0
3 3562864567816.39 13725100949406.48 0 0.0 0.0 0.0
4 2202546297476.389 0.029999813189432973 0.0 5029.999999999961 -6.5166264696707154e-15 0.0
1 0 0 0 0.0 0.0 0.0
2 2060000000000.0 0 0 0.0 0.0 0.0
3 3562864567816.39 13725100949406.48 0 0.0 0.0 0.0
4 2204284658726.389 0.029999810911255326 0.0 5029.999999999961 -6.5166264696707154e-15 0.0
1 0 0 0 0.0 0.0 0.0
2 2060000000000.0 0 0 0.0 0.0 0.0
3 3562864567816.39 13725100949406.48 0 0.0 0.0 0.0
4 2206023019976.389 0.02999980863307768 0.0 5029.999999999961 -6.5166264696707154e-15 0.0
1 0 0 0 0.0 0.0 0.0
2 2060000000000.0 0 0 0.0 0.0 0.0
3 3562864567816.39 13725100949406.48 0 0.0 0.0 0.0
4 2207761381226.389 0.029999806354900033 0.0 5029.999999999961 -6.5166264696707154e-15 0.0
1 0 0 0 0.0 0.0 0.0
2 2060000000000.0 0 0 0.0 0.0 0.0
3 3562864567816.39 13725100949406.48 0 0.0 0.0 0.0
4 2209499742476.389 0.029999804076722387 0.0 5029.999999999961 -6.5166264696707154e-15 0.0
1 0 0 0 0.0 0.0 0.0
2 2060000000000.0 0 0 0.0 0.0 0.0
3 3562864567816.39 13725100949406.48 0 0.0 0.0 0.0
4 2211238103726.389 0.02999980179854474 0.0 5029.999999999961 -6.5166264696707154e-15 0.0
1 0 0 0 0.0 0.0 0.0
2 2060000000000.0 0 0 0.0 0.0 0.0
3 3562864567816.39 13725100949406.48 0 0.0 0.0 0.0
4 2212976464976.389 0.029999799520367094 0.0 5029.999999999961 -6.5166264696707154e-15 0.0
1 0 0 0 0.0 0.0 0.0
2 2060000000000.0 0 0 0.0 0.0 0.0
3 3562864567816.39 13725100949406.48 0 0.0 0.0 0.0
4 2214714826226.389 0.029999797242189447 0.0 5029.999999999961 -6.5166264696707154e-15 0.0
1 0 0 0 0.0 0.0 0.0
2 2060000000000.0 0 0 0.0 0.0 0.0
3 3562864567816.39 13725100949406.48 0 0.0 0.0 0.0
4 2216453187476.389 0.0299997949640118 0.0 5029.999999999961 -6.5166264696707154e-15 0.0
1 0 0 0 0.0 0.0 0.0
2 2060000000000.0 0 0 0.0 0.0 0.0
3 3562864567816.39 13725100949406.48 0 0.0 0.0 0.0
4 2218191548726.389 0.029999792685834154 0.0 5029.999999999961 -6.5166264696707154e-15 0.0
1 0 0 0 0.0 0.0 0.0
2 2060000000000.0 0 0 0.0 0.0 0.0
3 3562864567816.39 13725100949406.48 0 0.0 0.0 0.0
4 2219929909976.389 0.029999790407656508 0.0 5029.999999999961 -6.5166264696707154e-15 0.0
1 0 0 0 0.0 0.0 0.0
2 2060000000000.0 0 0 0.0 0.0 0.0
3 3562864567816.39 13725100949406.48 0 0.0 0.0 0.0
4 2221668271226.389 0.02999978812947886 0.0 5029.999999999961 -6.5166264696707154e-15 0.0
1 0 0 0 0.0 0.0 0.0
2 2060000000000.0 0 0 0.0 0.0 0.0
3 3562864567816.39 13725100949406.48 0 0.0 0.0 0.0
4 2223406632476.389 0.029999785851301215 0.0 5029.999999999961 -6.5166264696707154e-15 0.0
1 0 0 0 0.0 0.0 0.0
2 2060000000000.0 0 0 0.0 0.0 0.0
3 3562864567816.39 13725100949406.48 0 0.0 0.0 0.0
4 2225144993726.389 0.029999783573123568 0.0 5029.999999999961 -6.5166264696707154e-15 0.0
1 0 0 0 0.0 0.0 0.0
2 2060000000000.0 0 0 0.0 0.0 0.0
3 3562864567816.39 13725100949406.48 0 0.0 0.0 0.0
4 2226883354976.389 0.02999978129494592 0.0 5029.999999999961 -6.5166264696707154e-15 0.0
1 0 0 0 0.0 0.0 0.0
2 2060000000000.0 0 0 0.0 0.0 0.0
3 3562864567816.39 13725100949406.48 0 0.0 0.0 0.0
4 2228621716226.389 0.029999779016768275 0.0 5029.999999999961 -6.5166264696707154e-15 0.0
1 0 0 0 0.0 0.0 0.0
2 2060000000000.0 0 0 0.0 0.0 0.0
3 3562864567816.39 13725100949406.48 0 0.0 0.0 0.0
4 2230360077476.389 0.02999977673859063 0.0 5029.999999999961 -6.5166264696707154e-15 0.0
1 0 0 0 0.0 0.0 0.0
2 2060000000000.0 0 0 0.0 0.0 0.0
3 3562864567816.39 13725100949406.48 0 0.0 0.0 0.0
4 2232098438726.389 0.029999774460412982 0.0 5029.999999999961 -6.5166264696707154e-15 0.0
1 0 0 0 0.0 0.0 0.0
2 2060000000000.0 0 0 0.0 0.0 0.0
3 3562864567816.39 13725100949406.48 0 0.0 0.0 0.0
4 2233836799976.389 0.029999772182235335 0.0 5029.999999999961 -6.5166264696707154e-15 0.0
1 0 0 0 0.0 0.0 0.0
2 2060000000000.0 0 0 0.0 0.0 0.0
3 3562864567816.39 13725100949406.48 0 0.0 0.0 0.0
4 2235575161226.389 0.02999976990405769 0.0 5029.999999999961 -6.5166264696707154e-15 0.0
1 0 0 0 0.0 0.0 0.0
2 2060000000000.0 0 0 0.0 0.0 0.0
3 3562864567816.39 13725100949406.48 0 0.0 0.0 0.0
4 2237313522476.389 0.029999767625880042 0.0 5029.999999999961 -6.5166264696707154e-15 0.0
1 0 0 0 0.0 0.0 0.0
2 2060000000000.0 0 0 0.0 0.0 0.0
3 3562864567816.39 13725100949406.48 0 0.0 0.0 0.0
4 2239051883726.389 0.029999765347702396 0.0 5029.999999999961 -6.5166264696707154e-15 0.0
1 0 0 0 0.0 0.0 0.0
2 2060000000000.0 0 0 0.0 0.0 0.0
3 3562864567816.39 13725100949406.48 0 0.0 0.0 0.0
4 2240790244976.389 0.02999976306952475 0.0 5029.999999999961 -6.5166264696707154e-15 0.0
1 0 0 0 0.0 0.0 0.0
2 2060000000000.0 0 0 0.0 0.0 0.0
3 3562864567816.39 13725100949406.48 0 0.0 0.0 0.0
4 2242528606226.389 0.029999760791347103 0.0 5029.999999999961 -6.5166264696707154e-15 0.0
1 0 0 0 0.0 0.0 0.0
2 2060000000000.0 0 0 0.0 0.0 0.0
3 3562864567816.39 13725100949406.48 0 0.0 0.0 0.0
4 2244266967476.389 0.029999758513169456 0.0 5029.999999999961 -6.5166264696707154e-15 0.0
1 0 0 0 0.0 0.0 0.0
2 2060000000000.0 0 0 0.0 0.0 0.0
3 3562864567816.39 13725100949406.48 0 0.0 0.0 0.0
4 2246005328726.389 0.02999975623499181 0.0 5029.999999999961 -6.5166264696707154e-15 0.0
1 0 0 0 0.0 0.0 0.0
2 2060000000000.0 0 0 0.0 0.0 0.0
3 3562864567816.39 13725100949406.48 0 0.0 0.0 0.0
4 2247743689976.389 0.029999753956814163 0.0 5029.999999999961 -6.5166264696707154e-15 0.0
1 0 0 0 0.0 0.0 0.0
2 2060000000000.0 0 0 0.0 0.0 0.0
3 3562864567816.39 13725100949406.48 0 0.0 0.0 0.0
4 2249482051226.389 0.029999751678636517 0.0 5029.999999999961 -6.5166264696707154e-15 0.0
1 0 0 0 0.0 0.0 0.0
2 2060000000000.0 0 0 0.0 0.0 0.0
3 3562864567816.39 13725100949406.48 0 0.0 0.0 0.0
4 2251220412476.389 0.02999974940045887 0.0 5029.999999999961 -6.5166264696707154e-15 0.0
1 0 0 0 0.0 0.0 0.0
2 2060000000000.0 0 0 0.0 0.0 0.0
3 3562864567816.39 13725100949406.48 0 0.0 0.0 0.0
4 2252958773726.389 0.029999747122281224 0.0 5029.999999999961 -6.5166264696707154e-15 0.0
1 0 0 0 0.0 0.0 0.0
2 2060000000000.0 0 0 0.0 0.0 0.0
3 3562864567816.39 13725100949406.48 0 0.0 0.0 0.0
4 2254697134976.389 0.029999744844103577 0.0 5029.999999999961 -6.5166264696707154e-15 0.0
1 0 0 0 0.0 0.0 0.0
2 2060000000000.0 0 0 0.0 0.0 0.0
3 3562864567816.39 13725100949406.48 0 0.0 0.0 0.0
4 2256435496226.389 0.02999974256592593 0.0 5029.999999999961 -6.5166264696707154e-15 0.0
1 0 0 0 0.0 0.0 0.0
2 2060000000000.0 0 0 0.0 0.0 0.0
3 3562864567816.39 13725100949406.48 0 0.0 0.0 0.0
4 2258173857476.389 0.029999740287748284 0.0 5029.999999999961 -6.5166264696707154e-15 0.0
1 0 0 0 0.0 0.0 0.0
2 2060000000000.0 0 0 0.0 0.0 0.0
3 3562864567816.39 13725100949406.48 0 0.0 0.0 0.0
4 2259912218726.389 0.029999738009570637 0.0 5029.999999999961 -6.5166264696707154e-15 0.0
1 0 0 0 0.0 0.0 0.0
2 2060000000000.0 0 0 0.0 0.0 0.0
3 3562864567816.39 13725100949406.48 0 0.0 0.0 0.0
4 2261650579976.389 0.02999973573139299 0.0 5029.999999999961 -6.5166264696707154e-15 0.0
1 0 0 0 0.0 0.0 0.0
2 2060000000000.0 0 0 0.0 0.0 0.0
3 3562864567816.39 13725100949406.48 0 0.0 0.0 0.0
4 2263388941226.389 0.029999733453215344 0.0 5029.999999999961 -6.5166264696707154e-15 0.0
1 0 0 0 0.0 0.0 0.0
2 2060000000000.0 0 0 0.0 0.0 0.0
3 3562864567816.39 13725100949406.48 0 0.0 0.0 0.0
4 2265127302476.389 0.029999731175037698 0.0 5029.999999999961 -6.5166264696707154e-15 0.0
1 0 0 0 0.0 0.0 0.0
2 2060000000000.0 0 0 0.0 0.0 0.0
3 3562864567816.39 13725100949406.48 0 0.0 0.0 0.0
4 2266865663726.389 0.02999972889686005 0.0 5029.999999999961 -6.5166264696707154e-15 0.0
1 0 0 0 0.0 0.0 0.0
2 2060000000000.0 0 0 0.0 0.0 0.0
3 3562864567816.39 13725100949406.48 0 0.0 0.0 0.0
4 2268604024976.389 0.029999726618682405 0.0 5029.999999999961 -6.5166264696707154e-15 0.0
1 0 0 0 0.0 0.0 0.0
2 2060000000000.0 0 0 0.0 0.0 0.0
3 3562864567816.39 13725100949406.48 0 0.0 0.0 0.0
4 2270342386226.389 0.029999724340504758 0.0 5029.999999999961 -6.5166264696707154e-15 0.0
1 0 0 0 0.0 0.0 0.0
2 2060000000000.0 0 0 0.0 0.0 0.0
3 3562864567816.39 13725100949406.48 0 0.0 0.0 0.0
4 2272080747476.389 0.02999972206232711 0.0 5029.999999999961 -6.5166264696707154e-15 0.0
1 0 0 0 0.0 0.0 0.0
2 2060000000000.0 0 0 0.0 0.0 0.0
3 3562864567816.39 13725100949406.48 0 0.0 0.0 0.0
4 2273819108726.389 0.029999719784149465 0.0 5029.999999999961 -6.5166264696707154e-15 0.0
1 0 0 0 0.0 0.0 0.0
2 2060000000000.0 0 0 0.0 0.0 0.0
3 3562864567816.39 13725100949406.48 0 0.0 0.0 0.0
4 2275557469976.389 0.02999971750597182 0.0 5029.999999999961 -6.5166264696707154e-15 0.0
1 0 0 0 0.0 0.0 0.0
2 2060000000000.0 0 0 0.0 0.0 0.0
3 3562864567816.39 13725100949406.48 0 0.0 0.0 0.0
4 2277295831226.389 0.029999715227794172 0.0 5029.999999999961 -6.5166264696707154e-15 0.0
1 0 0 0 0.0 0.0 0.0
2 2060000000000.0 0 0 0.0 0.0 0.0
3 3562864567816.39 13725100949406.48 0 0.0 0.0 0.0
4 2279034192476.389 0.029999712949616526 0.0 5029.999999999961 -6.5166264696707154e-15 0.0
1 0 0 0 0.0 0.0 0.0
2 2060000000000.0 0 0 0.0 0.0 0.0
3 3562864567816.39 13725100949406.48 0 0.0 0.0 0.0
4 2280772553726.389 0.02999971067143888 0.0 5029.999999999961 -6.5166264696707154e-15 0.0
1 0 0 0 0.0 0.0 0.0
2 2060000000000.0 0 0 0.0 0.0 0.0
3 3562864567816.39 13725100949406.48 0 0.0 0.0 0.0
4 2282510914976.389 0.029999708393261233 0.0 5029.999999999961 -6.5166264696707154e-15 0.0
1 0 0 0 0.0 0.0 0.0
2 2060000000000.0 0 0 0.0 0.0 0.0
3 3562864567816.39 13725100949406.48 0 0.0 0.0 0.0
4 2284249276226.389 0.029999706115083586 0.0 5029.999999999961 -6.5166264696707154e-15 0.0
1 0 0 0 0.0 0.0 0.0
2 2060000000000.0 0 0 0.0 0.0 0.0
3 3562864567816.39 13725100949406.48 0 0.0 0.0 0.0
4 2285987637476.389 0.02999970383690594 0.0 5029.999999999961 -6.5166264696707154e-15 0.0
1 0 0 0 0.0 0.0 0.0
2 2060000000000.0 0 0 0.0 0.0 0.0
3 3562864567816.39 13725100949406.48 0 0.0 0.0 0.0
4 2287725998726.389 0.029999701558728293 0.0 5029.999999999961 -6.5166264696707154e-15 0.0
1 0 0 0 0.0 0.0 0.0
2 2060000000000.0 0 0 0.0 0.0 0.0
3 3562864567816.39 13725100949406.48 0 0.0 0.0 0.0
4 2289464359976.389 0.029999699280550646 0.0 5029.999999999961 -6.5166264696707154e-15 0.0
1 0 0 0 0.0 0.0 0.0
2 2060000000000.0 0 0 0.0 0.0 0.0
3 3562864567816.39 13725100949406.48 0 0.0 0.0 0.0
4 2291202721226.389 0.029999697002373 0.0 5029.999999999961 -6.5166264696707154e-15 0.0
1 0 0 0 0.0 0.0 0.0
2 2060000000000.0 0 0 0.0 0.0 0.0
3 3562864567816.39 13725100949406.48 0 0.0 0.0 0.0
4 2292941082476.389 0.029999694724195353 0.0 5029.999999999961 -6.5166264696707154e-15 0.0
1 0 0 0 0.0 0.0 0.0
2 2060000000000.0 0 0 0.0 0.0 0.0
3 3562864567816.39 13725100949406.48 0 0.0 0.0 0.0
4 2294679443726.389 0.029999692446017707 0.0 5029.999999999961 -6.5166264696707154e-15 0.0
1 0 0 0 0.0 0.0 0.0
2 2060000000000.0 0 0 0.0 0.0 0.0
3 3562864567816.39 13725100949406.48 0 0.0 0.0 0.0
4 2296417804976.389 0.02999969016784006 0.0 5029.999999999961 -6.5166264696707154e-15 0.0
1 0 0 0 0.0 0.0 0.0
2 2060000000000.0 0 0 0.0 0.0 0.0
3 3562864567816.39 13725100949406.48 0 0.0 0.0 0.0
4 2298156166226.389 0.029999687889662414 0.0 5029.999999999961 -6.5166264696707154e-15 0.0
1 0 0 0 0.0 0.0 0.0
2 2060000000000.0 0 0 0.0 0.0 0.0
3 3562864567816.39 13725100949406.48 0 0.0 0.0 0.0
4 2299894527476.389 0.029999685611484767 0.0 5029.999999999961 -6.5166264696707154e-15 0.0
1 0 0 0 0.0 0.0 0.0
2 2060000000000.0 0 0 0.0 0.0 0.0
3 3562864567816.39 13725100949406.48 0 0.0 0.0 0.0
4 2301632888726.389 0.02999968333330712 0.0 5029.999999999961 -6.5166264696707154e-15 0.0
1 0 0 0 0.0 0.0 0.0
2 2060000000000.0 0 0 0.0 0.0 0.0
3 3562864567816.39 13725100949406.48 0 0.0 0.0 0.0
4 2303371249976.389 0.029999681055129474 0.0 5029.999999999961 -6.5166264696707154e-15 0.0
1 0 0 0 0.0 0.0 0.0
2 2060000000000.0 0 0 0.0 0.0 0.0
3 3562864567816.39 13725100949406.48 0 0.0 0.0 0.0
4 2305109611226.389 0.029999678776951828 0.0 5029.999999999961 -6.5166264696707154e-15 0.0
1 0 0 0 0.0 0.0 0.0
2 2060000000000.0 0 0 0.0 0.0 0.0
3 3562864567816.39 13725100949406.48 0 0.0 0.0 0.0
4 2306847972476.389 0.02999967649877418 0.0 5029.999999999961 -6.5166264696707154e-15 0.0
1 0 0 0 0.0 0.0 0.0
2 2060000000000.0 0 0 0.0 0.0 0.0
3 3562864567816.39 13725100949406.48 0 0.0 0.0 0.0
4 2308586333726.389 0.029999674220596535 0.0 5029.999999999961 -6.5166264696707154e-15 0.0
1 0 0 0 0.0 0.0 0.0
2 2060000000000.0 0 0 0.0 0.0 0.0
3 3562864567816.39 13725100949406.48 0 0.0 0.0 0.0
4 2310324694976.389 0.029999671942418888 0.0 5029.999999999961 -6.5166264696707154e-15 0.0
1 0 0 0 0.0 0.0 0.0
2 2060000000000.0 0 0 0.0 0.0 0.0
3 3562864567816.39 13725100949406.48 0 0.0 0.0 0.0
4 2312063056226.389 0.02999966966424124 0.0 5029.999999999961 -6.5166264696707154e-15 0.0
1 0 0 0 0.0 0.0 0.0
2 2060000000000.0 0 0 0.0 0.0 0.0
3 3562864567816.39 13725100949406.48 0 0.0 0.0 0.0
4 2313801417476.389 0.029999667386063595 0.0 5029.999999999961 -6.5166264696707154e-15 0.0
1 0 0 0 0.0 0.0 0.0
2 2060000000000.0 0 0 0.0 0.0 0.0
3 3562864567816.39 13725100949406.48 0 0.0 0.0 0.0
4 2315539778726.389 0.02999966510788595 0.0 5029.999999999961 -6.5166264696707154e-15 0.0
1 0 0 0 0.0 0.0 0.0
2 2060000000000.0 0 0 0.0 0.0 0.0
3 3562864567816.39 13725100949406.48 0 0.0 0.0 0.0
4 2317278139976.389 0.029999662829708302 0.0 5029.999999999961 -6.5166264696707154e-15 0.0
1 0 0 0 0.0 0.0 0.0
2 2060000000000.0 0 0 0.0 0.0 0.0
3 3562864567816.39 13725100949406.48 0 0.0 0.0 0.0
4 2319016501226.389 0.029999660551530655 0.0 5029.999999999961 -6.5166264696707154e-15 0.0
1 0 0 0 0.0 0.0 0.0
2 2060000000000.0 0 0 0.0 0.0 0.0
3 3562864567816.39 13725100949406.48 0 0.0 0.0 0.0
4 2320754862476.389 0.02999965827335301 0.0 5029.999999999961 -6.5166264696707154e-15 0.0
1 0 0 0 0.0 0.0 0.0
2 2060000000000.0 0 0 0.0 0.0 0.0
3 3562864567816.39 13725100949406.48 0 0.0 0.0 0.0
4 2322493223726.389 0.029999655995175362 0.0 5029.999999999961 -6.5166264696707154e-15 0.0
1 0 0 0 0.0 0.0 0.0
2 2060000000000.0 0 0 0.0 0.0 0.0
3 3562864567816.39 13725100949406.48 0 0.0 0.0 0.0
4 2324231584976.389 0.029999653716997716 0.0 5029.999999999961 -6.5166264696707154e-15 0.0
1 0 0 0 0.0 0.0 0.0
2 2060000000000.0 0 0 0.0 0.0 0.0
3 3562864567816.39 13725100949406.48 0 0.0 0.0 0.0
4 2325969946226.389 0.02999965143882007 0.0 5029.999999999961 -6.5166264696707154e-15 0.0
1 0 0 0 0.0 0.0 0.0
2 2060000000000.0 0 0 0.0 0.0 0.0
3 3562864567816.39 13725100949406.48 0 0.0 0.0 0.0
4 2327708307476.389 0.029999649160642423 0.0 5029.999999999961 -6.5166264696707154e-15 0.0
1 0 0 0 0.0 0.0 0.0
2 2060000000000.0 0 0 0.0 0.0 0.0
3 3562864567816.39 13725100949406.48 0 0.0 0.0 0.0
4 2329446668726.389 0.029999646882464776 0.0 5029.999999999961 -6.5166264696707154e-15 0.0
1 0 0 0 0.0 0.0 0.0
2 2060000000000.0 0 0 0.0 0.0 0.0
3 3562864567816.39 13725100949406.48 0 0.0 0.0 0.0
4 2331185029976.389 0.02999964460428713 0.0 5029.999999999961 -6.5166264696707154e-15 0.0
1 0 0 0 0.0 0.0 0.0
2 2060000000000.0 0 0 0.0 0.0 0.0
3 3562864567816.39 13725100949406.48 0 0.0 0.0 0.0
4 2332923391226.389 0.029999642326109483 0.0 5029.999999999961 -6.5166264696707154e-15 0.0
1 0 0 0 0.0 0.0 0.0
2 2060000000000.0 0 0 0.0 0.0 0.0
3 3562864567816.39 13725100949406.48 0 0.0 0.0 0.0
4 2334661752476.389 0.029999640047931837 0.0 5029.999999999961 -6.5166264696707154e-15 0.0
1 0 0 0 0.0 0.0 0.0
2 2060000000000.0 0 0 0.0 0.0 0.0
3 3562864567816.39 13725100949406.48 0 0.0 0.0 0.0
4 2336400113726.389 0.02999963776975419 0.0 5029.999999999961 -6.5166264696707154e-15 0.0
1 0 0 0 0.0 0.0 0.0
2 2060000000000.0 0 0 0.0 0.0 0.0
3 3562864567816.39 13725100949406.48 0 0.0 0.0 0.0
4 2338138474976.389 0.029999635491576544 0.0 5029.999999999961 -6.5166264696707154e-15 0.0
1 0 0 0 0.0 0.0 0.0
2 2060000000000.0 0 0 0.0 0.0 0.0
3 3562864567816.39 13725100949406.48 0 0.0 0.0 0.0
4 2339876836226.389 0.029999633213398897 0.0 5029.999999999961 -6.5166264696707154e-15 0.0
1 0 0 0 0.0 0.0 0.0
2 2060000000000.0 0 0 0.0 0.0 0.0
3 3562864567816.39 13725100949406.48 0 0.0 0.0 0.0
4 2341615197476.389 0.02999963093522125 0.0 5029.999999999961 -6.5166264696707154e-15 0.0
1 0 0 0 0.0 0.0 0.0
2 2060000000000.0 0 0 0.0 0.0 0.0
3 3562864567816.39 13725100949406.48 0 0.0 0.0 0.0
4 2343353558726.389 0.029999628657043604 0.0 5029.999999999961 -6.5166264696707154e-15 0.0
1 0 0 0 0.0 0.0 0.0
2 2060000000000.0 0 0 0.0 0.0 0.0
3 3562864567816.39 13725100949406.48 0 0.0 0.0 0.0
4 2345091919976.389 0.029999626378865957 0.0 5029.999999999961 -6.5166264696707154e-15 0.0
1 0 0 0 0.0 0.0 0.0
2 2060000000000.0 0 0 0.0 0.0 0.0
3 3562864567816.39 13725100949406.48 0 0.0 0.0 0.0
4 2346830281226.389 0.02999962410068831 0.0 5029.999999999961 -6.5166264696707154e-15 0.0
1 0 0 0 0.0 0.0 0.0
2 2060000000000.0 0 0 0.0 0.0 0.0
3 3562864567816.39 13725100949406.48 0 0.0 0.0 0.0
4 2348568642476.389 0.029999621822510664 0.0 5029.999999999961 -6.5166264696707154e-15 0.0
1 0 0 0 0.0 0.0 0.0
2 2060000000000.0 0 0 0.0 0.0 0.0
3 3562864567816.39 13725100949406.48 0 0.0 0.0 0.0
4 2350307003726.389 0.029999619544333018 0.0 5029.999999999961 -6.5166264696707154e-15 0.0
1 0 0 0 0.0 0.0 0.0
2 2060000000000.0 0 0 0.0 0.0 0.0
3 3562864567816.39 13725100949406.48 0 0.0 0.0 0.0
4 2352045364976.389 0.02999961726615537 0.0 5029.999999999961 -6.5166264696707154e-15 0.0
1 0 0 0 0.0 0.0 0.0
2 2060000000000.0 0 0 0.0 0.0 0.0
3 3562864567816.39 13725100949406.48 0 0.0 0.0 0.0
4 2353783726226.389 0.029999614987977725 0.0 5029.999999999961 -6.5166264696707154e-15 0.0
1 0 0 0 0.0 0.0 0.0
2 2060000000000.0 0 0 0.0 0.0 0.0
3 3562864567816.39 13725100949406.48 0 0.0 0.0 0.0
4 2355522087476.389 0.029999612709800078 0.0 5029.999999999961 -6.5166264696707154e-15 0.0
1 0 0 0 0.0 0.0 0.0
2 2060000000000.0 0 0 0.0 0.0 0.0
3 3562864567816.39 13725100949406.48 0 0.0 0.0 0.0
4 2357260448726.389 0.02999961043162243 0.0 5029.999999999961 -6.5166264696707154e-15 0.0
1 0 0 0 0.0 0.0 0.0
2 2060000000000.0 0 0 0.0 0.0 0.0
3 3562864567816.39 13725100949406.48 0 0.0 0.0 0.0
4 2358998809976.389 0.029999608153444785 0.0 5029.999999999961 -6.5166264696707154e-15 0.0
1 0 0 0 0.0 0.0 0.0
2 2060000000000.0 0 0 0.0 0.0 0.0
3 3562864567816.39 13725100949406.48 0 0.0 0.0 0.0
4 2360737171226.389 0.02999960587526714 0.0 5029.999999999961 -6.5166264696707154e-15 0.0
1 0 0 0 0.0 0.0 0.0
2 2060000000000.0 0 0 0.0 0.0 0.0
3 3562864567816.39 13725100949406.48 0 0.0 0.0 0.0
4 2362475532476.389 0.029999603597089492 0.0 5029.999999999961 -6.5166264696707154e-15 0.0
1 0 0 0 0.0 0.0 0.0
2 2060000000000.0 0 0 0.0 0.0 0.0
3 3562864567816.39 13725100949406.48 0 0.0 0.0 0.0
4 2364213893726.389 0.029999601318911846 0.0 5029.999999999961 -6.5166264696707154e-15 0.0
1 0 0 0 0.0 0.0 0.0
2 2060000000000.0 0 0 0.0 0.0 0.0
3 3562864567816.39 13725100949406.48 0 0.0 0.0 0.0
4 2365952254976.389 0.0299995990407342 0.0 5029.999999999961 -6.5166264696707154e-15 0.0
1 0 0 0 0.0 0.0 0.0
2 2060000000000.0 0 0 0.0 0.0 0.0
3 3562864567816.39 13725100949406.48 0 0.0 0.0 0.0
4 2367690616226.389 0.029999596762556553 0.0 5029.999999999961 -6.5166264696707154e-15 0.0
1 0 0 0 0.0 0.0 0.0
2 2060000000000.0 0 0 0.0 0.0 0.0
3 3562864567816.39 13725100949406.48 0 0.0 0.0 0.0
4 2369428977476.389 0.029999594484378906 0.0 5029.999999999961 -6.5166264696707154e-15 0.0
1 0 0 0 0.0 0.0 0.0
2 2060000000000.0 0 0 0.0 0.0 0.0
3 3562864567816.39 13725100949406.48 0 0.0 0.0 0.0
4 2371167338726.389 0.02999959220620126 0.0 5029.999999999961 -6.5166264696707154e-15 0.0
